0 0.202973 0 4.42443 0.202973 0 0.0893965 0 0 4.33503 0 0 0 0 0 0 0 0 0 0 0 0 0.002 0.1 0 0 0 0 
0.0507812 0.214731 0 4.41186 0.214731 0 0.0807398 0 0 4.33113 0 0 0 0 0 0 0 0 0 0 0 0 0.002 0.1 0 0 0 0 
0.101562 0.215623 0 4.48813 0.215623 0 0.162692 0 0 4.32544 0 0 0 0 0 0 0 0 0 0 0 0 0.002 0.1 0 0 0 0 
0.150391 0.229638 0 4.57275 0.229638 0 0.257608 0 0 4.31514 0 0 0 0 0 0 0 0 0 0 0 0 0.002 0.1 0 0 0 0 
0.200073 0.266325 0 4.67414 0.266325 0 0.37146 0 0 4.30268 0 0 0 0 0 0 0 0 1.29762e-07 0 0 0 0.00199983 0.1 0 0 1.70245e-07 0 
0.250488 0.2303 0 4.74296 0.2303 0 0.45302 0 0 4.28994 0 0 0 0 0 0 0 0 1.40532e-07 0 0 0 0.00199983 0.1 0 0 1.70049e-07 0 
0.300781 0.262 0 4.81863 0.262 0 0.543871 0 0 4.27476 0 0 0 0 0 0 0 0 7.51458e-07 0 0 0 0.00199983 0.1 0 0 1.70049e-07 0 
0.350586 0.26351 0 4.89079 0.26351 0 0.632114 0 0 4.25867 0 0 0 0 0 0 0 0 2.51996e-07 0 0 0 0.00199983 0.1 0 0 1.66665e-07 0 
0.400391 0.249104 0 4.94917 0.249104 0 0.70763 0 0 4.24154 0 0 0 0 0 0 0 0 1.89713e-07 0 0 0 0.00199983 0.1 0 0 1.66665e-07 0 
0.451172 0.234035 0 4.99728 0.234035 0 0.772635 0 0 4.22464 0 0 0 0 0 0 0 0 1.8469e-08 0 0 0 0.00199983 0.1 0 0 1.66665e-07 0 
0.5 0.230221 0 5.03875 0.230221 0 0.831816 0 0 4.20694 0 0 0 0 0 0 0 0 1.36904e-07 0 0 0 0.00199983 0.1 0 0 1.66665e-07 0 
0.550781 0.212403 0 5.05874 0.212403 0 0.87086 0 0 4.18788 0 0 0 0 0 0 0 0 7.18972e-07 0 0 0 0.00199984 0.1 0 0 1.64998e-07 0 
0.600098 0.203033 0 5.07627 0.203033 0 0.906971 0 0 4.1693 0 0 0 0 0 0 0 0 1.23142e-06 0 0 0 0.00199984 0.1 0 0 1.64998e-07 0 
0.650391 0.186942 0 5.08685 0.186942 0 0.93789 0 0 4.14896 0 0 0 0 0 0 0 0 8.34294e-07 0 0 0 0.00199984 0.1 0 0 1.63348e-07 0 
0.700195 0.180287 0 5.09155 0.180287 0 0.963032 0 0 4.12851 0 0 0 0 0 0 0 0 4.99004e-07 0 0 0 0.00199984 0.1 0 0 1.63348e-07 0 
0.750977 0.175619 0 5.09227 0.175619 0 0.984429 0 0 4.10784 0 0 0 0 0 0 0 0 1.49521e-07 0 0 0 0.00199984 0.1 0 0 1.63348e-07 0 
0.800781 0.15596 0 5.08729 0.15596 0 1.00052 0 0 4.08677 0 0 0 0 0 0 0 0 6.74264e-08 0 0 0 0.00199984 0.1 0 0 1.63348e-07 0 
0.851562 0.147559 0 5.07508 0.147559 0 1.00832 0 0 4.06676 0 0 0 0 0 0 0 0 2.09335e-07 0 0 0 0.00199984 0.1 0 0 1.63348e-07 0 
0.900391 0.138718 0 5.06144 0.138718 0 1.01229 0 0 4.04915 0 0 0 0 0 0 0 0 7.66666e-07 0 0 0 0.00199984 0.1 0 0 1.61715e-07 0 
0.951172 0.134234 0 5.04628 0.134234 0 1.01508 0 0 4.0312 0 0 0 0 0 0 0 0 9.06909e-07 0 0 0 0.00199984 0.1 0 0 1.60098e-07 0 
