0.172485 1 3.63528e+39 2.91007e-06 0.023782 
0.172607 1 3.63528e+39 2.89641e-06 0.0237075 
0.172729 1 3.63528e+39 2.88234e-06 0.0236307 
0.172852 1 3.63528e+39 2.86802e-06 0.0235524 
0.172974 1 3.63528e+39 3.14491e-06 0.0250449 
0.173096 1 3.63528e+39 3.54252e-06 0.0271136 
0.173218 1 3.63528e+39 3.79795e-06 0.0284018 
0.17334 1 3.63528e+39 4.38688e-06 0.0312668 
0.173462 1 3.63528e+39 5.05894e-06 0.0343836 
0.173584 1 3.63528e+39 5.1357e-06 0.0347306 
0.173706 1 3.63528e+39 5.76674e-06 0.0375202 
0.173828 1 3.63528e+39 6.43368e-06 0.04036 
0.17395 1 3.63528e+39 7.12526e-06 0.0432028 
0.174072 1 3.63528e+39 7.04132e-06 0.0428629 
0.174194 1 3.63528e+39 7.66051e-06 0.0453402 
0.174316 1 3.74437e+39 8.75428e-06 0.0490737 
0.174438 1 3.18571e+39 8.20521e-06 0.0495978 
0.174561 1 2.71204e+39 6.94803e-06 0.0468372 
0.174683 1 2.31109e+39 6.56186e-06 0.0475522 
0.174805 1 1.97193e+39 6.187e-06 0.0482049 
0.174927 1 1.68504e+39 5.80336e-06 0.0486738 
0.175049 1 1.44223e+39 5.43652e-06 0.0490786 
0.175171 1 1.23655e+39 4.22692e-06 0.0436797 
0.175293 1 1.06211e+39 3.89933e-06 0.0435427 
0.175415 1 9.13965e+38 3.57878e-06 0.0432319 
0.175537 1 7.8795e+38 3.28367e-06 0.0428887 
0.175659 1 6.80584e+38 3.00344e-06 0.0424326 
0.175781 1 5.88948e+38 2.74386e-06 0.041922 
0.175903 1 5.05493e+38 2.5301e-06 0.0417886 
0.176025 1 4.33049e+38 2.05159e-06 0.0382586 
0.176147 1 3.76814e+38 2.20305e-06 0.0420213 
0.17627 1 3.27233e+38 2.3622e-06 0.0461388 
0.176392 1 2.85751e+38 2.23959e-06 0.0465841 
0.176514 1 2.49958e+38 2.22258e-06 0.0484601 
0.176636 1 2.19019e+38 2.43625e-06 0.0538355 
0.176758 1 1.92228e+38 2.18419e-06 0.0522778 
0.17688 1 1.68988e+38 2.32166e-06 0.0568361 
0.177002 1 1.48794e+38 2.06309e-06 0.0548078 
0.177124 1 1.31216e+38 2.14333e-06 0.0586233 
0.177246 1 1.1589e+38 1.90442e-06 0.0564696 
0.177368 1 1.0212e+38 1.93613e-06 0.0595512 
0.17749 1 9.04573e+37 1.74957e-06 0.0579553 
0.177612 1 7.99362e+37 1.80739e-06 0.0617146 
0.177734 1 7.10058e+37 1.62691e-06 0.0598498 
0.177856 1 6.31585e+37 1.71237e-06 0.0643906 
0.177979 1 5.60385e+37 1.50792e-06 0.0622251 
0.178101 1 4.99757e+37 1.60431e-06 0.0666509 
0.178223 1 4.4625e+37 1.41196e-06 0.0659573 
0.178345 1 3.9744e+37 1.47729e-06 0.0680854 
0.178467 1 3.54389e+37 1.30943e-06 0.0696819 
0.178589 1 3.17593e+37 1.41688e-06 0.0713509 
0.178711 1 2.84945e+37 1.23621e-06 0.0738899 
0.178833 1 2.55942e+37 1.31936e-06 0.0738899 
0.178955 1 2.30144e+37 1.16034e-06 0.0777243 
0.179077 1 2.06372e+37 1.21957e-06 0.0777243 
0.179199 1 1.85967e+37 1.07929e-06 0.0815902 
0.179321 1 1.67103e+37 1.14046e-06 0.0815902 
0.179443 1 1.50889e+37 1.00616e-06 0.0856492 
0.179565 1 1.35018e+37 1.0608e-06 0.0856492 
0.179688 1 1.21677e+37 9.29605e-07 0.0897154 
0.17981 1 1.10189e+37 9.97704e-07 0.0897154 
0.179932 1 9.98794e+36 8.72535e-07 0.0940232 
0.180054 1 9.06164e+36 9.26823e-07 0.0940232 
0.180176 1 8.22858e+36 9.86861e-07 0.0940232 
0.180298 1 7.47864e+36 7.66579e-07 0.100615 
0.18042 1 6.80287e+36 8.04332e-07 0.100615 
0.180542 1 6.19336e+36 8.42845e-07 0.100615 
0.180664 1 5.64311e+36 6.90906e-07 0.106026 
0.180786 1 5.12565e+36 7.13531e-07 0.106026 
0.180908 1 4.67773e+36 7.48288e-07 0.106026 
0.18103 1 4.27228e+36 6.0814e-07 0.111741 
0.181152 1 3.90494e+36 6.32252e-07 0.111741 
0.181274 1 3.57187e+36 6.55842e-07 0.111741 
