0.172485 1 3e-06 15 
0.172607 1 3e-06 15 
0.172852 2 6e-06 15 
0.173096 1 3e-06 15 
0.173218 2 6e-06 15 
0.173462 1 3e-06 15 
0.173584 1 3e-06 15 
0.173706 1 3e-06 15 
0.173828 1 3e-06 15 
0.174194 2 6e-06 15 
0.174316 1 3e-06 15 
0.174438 2 6e-06 15 
0.174927 1 3e-06 15 
0.175171 1 3e-06 15 
0.175537 1 3e-06 15 
0.175659 1 3e-06 15 
0.175781 2 6e-06 15 
0.175903 1 3.00043e-06 15 
0.176147 1 3.00095e-06 15 
0.176514 2 6.00083e-06 15 
0.176636 1 3.00072e-06 15 
0.177246 1 3e-06 15 
0.177612 1 3.00016e-06 15 
0.178589 1 3.00041e-06 15 
0.178833 1 3e-06 15 
0.181885 1 3.00003e-06 15 
0.182007 1 3.00003e-06 15 
0.184814 1 3.00171e-06 15 
0.187134 1 3.00018e-06 15 
0.19397 1 3.00059e-06 15 
0.23584 2 6.00046e-06 15 
0.236328 1 3.00015e-06 15 
