0 0 0 0 0
6.10352e-05 0 0 0 0
0.00012207 0 0 0 0
0.000183105 0 0 0 0
0.000244141 0 0 0 0
0.000305176 0 0 0 0
0.000366211 0 0 0 0
0.000488281 0 0 0 0
0.000610352 0 0 0 0
0.000732422 0 0 0 0
0.000854492 0 0 0 0
0.000976562 0 0 0 0
0.00109863 0 0 0 0
0.0012207 0 0 0 0
0.00134277 0 0 0 0
0.00146484 0 0 0 0
0.00158691 0 0 0 0
0.00170898 0 0 0 0
0.00183105 0 0 0 0
0.00195312 0 0 0 0
0.0020752 0 0 0 0
0.00219727 0 0 0 0
0.00231934 0 0 0 0
0.00244141 0 0 0 0
0.00268555 0 0 0 0
0.00280762 0 0 0 0
0.00292969 0 0 0 0
0.00305176 0 0 0 0
0.00317383 0 0 0 0
0.00341797 0 0 0 0
0.00366211 0 0 0 0
0.00378418 0 0 0 0
0.00390625 0 0 0 0
0.00402832 0 0 0 0
0.00415039 0 0 0 0
0.00427246 0 0 0 0
0.00439453 0 0 0 0
0.00463867 0 0 0 0
0.00488281 0 0 0 0
0.00512695 0 0 0 0
0.00537109 0 0 0 0
0.00561523 0 0 0 0
0.00585938 0 0 0 0
0.00610352 0 0 0 0
0.00634766 0 0 0 0
0.0065918 0 0 0 0
0.00683594 0 0 0 0
0.00708008 0 0 0 0
0.00732422 0 0 0 0
0.00756836 0 0 0 0
0.0078125 0 0 0 0
0.00805664 0 0 0 0
0.00830078 0 0 0 0
0.00854492 0 0 0 0
0.00878906 0 0 0 0
0.0090332 0 0 0 0
0.00927734 0 0 0 0
0.00952148 0 0 0 0
0.00976562 0 0 0 0
0.0100098 0 0 0 0
0.0102539 0 0 0 0
0.010498 0 0 0 0
0.0107422 0 0 0 0
0.0109863 0 0 0 0
0.0112305 0 0 0 0
0.0114746 0 0 0 0
0.0117188 0 0 0 0
0.0119629 0 0 0 0
0.012207 0 0 0 0
0.0124512 0 0 0 0
0.0126953 0 0 0 0
0.0129395 0 0 0 0
0.0131836 0 0 0 0
0.0134277 0 0 0 0
0.0136719 0 0 0 0
0.0141602 0 0 0 0
0.0146484 0 0 0 0
0.0151367 0 0 0 0
0.015625 0 0 0 0
0.0161133 0 0 0 0
0.0166016 0 0 0 0
0.0170898 0 0 0 0
0.0175781 0 0 0 0
0.0180664 0 0 0 0
0.0185547 0 0 0 0
0.019043 0 0 0 0
0.0195312 0 0 0 0
0.0200195 0 0 0 0
0.0205078 0 0 0 0
0.0209961 0 0 0 0
0.0214844 0 0 0 0
0.0219727 0 0 0 0
0.0224609 0 0 0 0
0.0229492 0 0 0 0
0.0234375 0 0 0 0
0.0239258 0 0 0 0
0.0244141 0 0 0 0
0.0249023 0 0 0 0
0.0253906 0 0 0 0
0.0258789 0 0 0 0
0.0263672 0 0 0 0
0.0268555 0 0 0 0
0.0273438 0 0 0 0
0.027832 0 0 0 0
0.0283203 0 0 0 0
0.0288086 0 0 0 0
0.0292969 0 0 0 0
0.0297852 0 0 0 0
0.0302734 0 0 0 0
0.0307617 0 0 0 0
0.03125 0 0 0 0
0.0317383 0 0 0 0
0.0322266 0 0 0 0
0.0327148 0 0 0 0
0.0332031 0 0 0 0
0.0336914 0 0 0 0
0.0341797 0 0 0 0
0.034668 0 0 0 0
0.0351562 0 0 0 0
0.0361328 0 0 0 0
0.0371094 0 0 0 0
0.0380859 0 0 0 0
0.0390625 0 0 0 0
0.0400391 0 0 0 0
0.0410156 0 0 0 0
0.0419922 0 0 0 0
0.0429688 0 0 0 0
0.0439453 0 0 0 0
0.0449219 0 0 0 0
0.0458984 0 0 0 0
0.046875 0 0 0 0
0.0478516 0 0 0 0
0.0488281 0 0 0 0
0.0498047 0 0 0 0
0.0507812 0 0 0 0
0.0517578 0 0 0 0
0.0527344 0 0 0 0
0.0537109 0 0 0 0
0.0546875 0 0 0 0
0.0556641 0 0 0 0
0.0566406 0 0 0 0
0.0576172 0 0 0 0
0.0585938 0 0 0 0
0.0595703 0 0 0 0
0.0605469 0 0 0 0
0.0615234 0 0 0 0
0.0625 0 0 0 0
0.0634766 0 0 0 0
0.0644531 0 0 0 0
0.0654297 0 0 0 0
0.0664062 0 0 0 0
0.0673828 0 0 0 0
0.0683594 0 0 0 0
0.0693359 0 0 0 0
0.0703125 0 0 0 0
0.0712891 0 0 0 0
0.0722656 0 0 0 0
0.0732422 0 0 0 0
0.0742188 0 0 0 0
0.0751953 0 0 0 0
0.0761719 0 0 0 0
0.0771484 0 0 0 0
0.078125 0 0 0 0
0.0791016 0 0 0 0
0.0800781 0 0 0 0
0.0810547 0 0 0 0
0.0820312 0 0 0 0
0.0830078 0 0 0 0
0.0839844 0 0 0 0
0.0849609 0 0 0 0
0.0859375 0 0 0 0
0.0869141 0 0 0 0
0.0878906 0 0 0 0
0.0898438 0 0 0 0
0.0917969 0 0 0 0
0.0927734 0 0 0 0
0.09375 0 0 0 0
0.0947266 0 0 0 0
0.0957031 0 0 0 0
0.0976562 0 0 0 0
0.0996094 0 0 0 0
0.101562 0 0 0 0
0.103516 0 0 0 0
0.105469 0 0 0 0
0.107422 0 0 0 0
0.108398 0 0 0 0
0.109375 0 0 0 0
0.111328 0 0 0 0
0.113281 0 0 0 0
0.115234 0 0 0 0
0.117188 0 0 0 0
0.119141 0 0 0 0
0.121094 0 0 0 0
0.123047 0 0 0 0
0.125 0 0 0 0
0.126953 0 0 0 0
0.128906 0 0 0 0
0.129883 0 0 0 0
0.130859 0 0 0 0
0.131836 0 0 0 0
0.132812 0 0 0 0
0.133789 0 0 0 0
0.134766 0 0 0 0
0.135742 0 0 0 0
0.136719 0 0 0 0
0.137695 0 0 0 0
0.138672 0 0 0 0
0.139648 0 0 0 0
0.140625 0 0 0 0
0.141602 0 0 0 0
0.142578 0 0 0 0
0.143555 0 0 0 0
0.144531 0 0 0 0
0.145508 0 0 0 0
0.146484 0 0 0 0
0.147461 0 0 0 0
0.148438 0 0 0 0
0.149414 0 0 0 0
0.150391 0 0 0 0
0.151367 0 0 0 0
0.152344 0 0 0 0
0.15332 0 0 0 0
0.154297 0 0 0 0
0.155273 0 0 0 0
0.155762 0 0 0 0
0.15625 0 0 0 0
0.156738 0 0 0 0
0.157227 0 0 0 0
0.157715 0 0 0 0
0.158203 0 0 0 0
0.158691 0 0 0 0
0.15918 0 0 0 0
0.159668 0 0 0 0
0.160156 1.35958e-09 2.85183e-05 2.84698e-05 0
0.160645 1.41716e-09 2.97282e-05 2.96755e-05 0
0.161133 1.49053e-09 3.127e-05 3.12118e-05 0
0.161621 1.5803e-09 3.31571e-05 3.30916e-05 0
0.162109 1.91064e-09 4.01049e-05 4.0009e-05 0
0.162598 2.00786e-09 4.21508e-05 4.20449e-05 0
0.163086 2.12829e-09 4.46855e-05 4.45666e-05 0
0.163574 2.2827e-09 4.79368e-05 4.77999e-05 0
0.164062 2.47628e-09 5.20147e-05 5.18535e-05 0
0.164551 2.94242e-09 6.18424e-05 6.16147e-05 0
0.165039 3.19563e-09 6.71856e-05 6.69169e-05 0
0.165527 3.4783e-09 7.31544e-05 7.28359e-05 0
0.166016 3.80773e-09 8.01161e-05 7.97342e-05 0
0.166504 4.16493e-09 8.76714e-05 8.72141e-05 0
0.166992 4.54906e-09 9.58036e-05 9.52578e-05 0
0.16748 5.11977e-09 0.0001079 0.000107208 0
0.167969 5.50658e-09 0.000116109 0.000115308 0
0.168457 5.88044e-09 0.000124051 0.000123137 0
0.168945 6.67913e-09 0.000140885 0.000139862 0
0.169434 7.71914e-09 0.000162789 0.00016164 0
0.169922 8.68372e-09 0.00018312 0.000181838 0
0.17041 1.00757e-08 0.000212437 0.000210985 0
0.170898 1.15473e-08 0.000243426 0.000241803 0
0.171387 1.30339e-08 0.000274762 0.00027293 0
0.171875 1.42192e-08 0.000299787 0.000297752 0
0.172363 1.52293e-08 0.000252947 0.000318903 2e-07
0.172485 0 0.000252947 0 0
0.172607 0 0.000252947 0 0
0.172729 0 0.000252947 0 0
0.172852 1.20133e-08 0.000253089 0.00100624 0
0.172974 3.15653e-12 0.000253354 2.64392e-07 0
0.173035 0 0.000253354 0 0
0.173096 6.72147e-12 0.000253535 1.12599e-06 0
0.173218 4.80228e-12 0.000253609 4.0224e-07 0
0.17334 7.43961e-12 4.62926e-07 6.23145e-07 0
0.173462 1.11106e-10 9.46887e-06 9.30625e-06 0
0.173584 2.21703e-10 1.858e-05 1.857e-05 0
0.173706 2.81795e-12 2.36033e-07 2.36033e-07 0
0.173767 0 2.36033e-07 0 0
0.173828 2.28536e-12 1.91423e-07 3.82845e-07 0
0.173889 0 1.91423e-07 0 0
0.17395 2.54114e-12 2.12848e-07 4.25694e-07 0
0.174072 2.23464e-12 1.85688e-07 1.87175e-07 0
0.174194 1.2828e-12 1.08935e-07 1.07448e-07 0
0.174316 6.48264e-13 5.42989e-08 5.42988e-08 0
0.174438 2.35039e-13 1.96869e-08 1.96869e-08 0
0.174561 9.65221e-14 8.08473e-09 8.08473e-09 0
0.174683 0 0 0 0
0.174805 7.48396e-15 6.26859e-10 6.26859e-10 0
0.174927 1.04541e-14 8.75637e-10 8.75637e-10 0
0.175049 4.84776e-14 4.0605e-09 4.0605e-09 0
0.175171 5.22786e-14 4.37888e-09 4.37888e-09 0
0.175293 2.09996e-13 7.85019e-09 1.75894e-08 0
0.175415 6.83159e-14 8.96856e-09 5.72217e-09 0
0.175537 3.7992e-14 6.42862e-09 3.18223e-09 0
0.175659 2.57178e-14 5.40053e-09 2.15413e-09 0
0.175781 6.87354e-13 1.62941e-08 5.7573e-08 0
0.175903 0 1.37597e-08 0 0
0.176025 0 1.37597e-08 0 0
0.176147 0 1.37597e-08 0 0
0.176208 0 1.37597e-08 0 0
0.17627 0 0 0 0
0.176331 0 0 0 0
0.176392 0 0 0 0
0.176453 0 0 0 0
0.176514 0 0 0 0
0.176636 0 0 0 0
0.176758 0 0 0 0
0.17688 0 0 0 0
0.177002 0 0 0 0
0.177124 0 0 0 0
0.177246 0 0 0 0
0.177368 0 0 0 0
0.17749 0 0 0 0
0.177612 0 0 0 0
0.177734 0 0 0 0
0.177856 0 0 0 0
0.177979 0 0 0 0
0.178101 0 0 0 0
0.178223 0 0 0 0
0.178345 0 0 0 0
0.178467 0 0 0 0
0.178589 0 0 0 0
0.178711 0 0 0 0
0.178833 0 0 0 0
0.178955 0 0 0 0
0.179077 0 0 0 0
0.179199 0 0 0 0
0.179321 0 0 0 0
0.179443 0 0 0 0
0.179565 0 0 0 0
0.179688 0 0 0 0
0.17981 0 0 0 0
0.179932 0 0 0 0
0.180054 0 0 0 0
0.180176 0 0 0 0
0.180298 0 0 0 0
0.18042 0 0 0 0
0.180542 0 0 0 0
0.180664 0 0 0 0
0.180786 0 0 0 0
0.180908 0 0 0 0
0.18103 0 0 0 0
0.181152 0 0 0 0
0.181274 0 0 0 0
0.181396 0 0 0 0
0.181519 0 0 0 0
0.181641 0 0 0 0
0.181763 0 0 0 0
0.181885 0 0 0 0
0.182007 0 0 0 0
0.182129 0 0 0 0
0.182251 0 0 0 0
0.182373 0 0 0 0
0.182495 0 0 0 0
0.182617 0 0 0 0
0.182739 0 0 0 0
0.182861 0 0 0 0
0.182983 0 0 0 0
0.183105 0 0 0 0
0.183228 0 0 0 0
0.18335 0 0 0 0
0.183472 0 0 0 0
0.183594 0 0 0 0
0.183716 0 0 0 0
0.183838 0 0 0 0
0.18396 0 0 0 0
0.184082 0 0 0 0
0.184204 0 0 0 0
0.184326 0 0 0 0
0.184448 0 0 0 0
0.18457 0 0 0 0
0.184692 0 0 0 0
0.184814 0 0 0 0
0.184937 0 0 0 0
0.185059 0 0 0 0
0.185181 0 0 0 0
0.185303 0 0 0 0
0.185425 0 0 0 0
0.185547 0 0 0 0
0.185669 0 0 0 0
0.185791 0 0 0 0
0.185913 0 0 0 0
0.186035 0 0 0 0
0.186157 0 0 0 0
0.186279 0 0 0 0
0.186401 0 0 0 0
0.186523 0 0 0 0
0.186646 0 0 0 0
0.186768 0 0 0 0
0.18689 0 0 0 0
0.187012 0 0 0 0
0.187134 0 0 0 0
0.187256 0 0 0 0
0.187378 0 0 0 0
0.1875 0 0 0 0
0.187622 0 0 0 0
0.187744 0 0 0 0
0.187866 0 0 0 0
0.187988 0 0 0 0
0.18811 0 0 0 0
0.188232 0 0 0 0
0.188354 0 0 0 0
0.188477 0 0 0 0
0.188599 0 0 0 0
0.188721 0 0 0 0
0.188843 0 0 0 0
0.188965 0 0 0 0
0.189087 0 0 0 0
0.189209 0 0 0 0
0.189331 0 0 0 0
0.189453 0 0 0 0
0.189575 0 0 0 0
0.189697 0 0 0 0
0.189819 0 0 0 0
0.189941 0 0 0 0
0.190063 0 0 0 0
0.190186 0 0 0 0
0.190308 0 0 0 0
0.19043 0 0 0 0
0.190552 0 0 0 0
0.190674 0 0 0 0
0.190796 0 0 0 0
0.190918 0 0 0 0
0.19104 0 0 0 0
0.191162 0 0 0 0
0.191284 0 0 0 0
0.191406 0 0 0 0
0.191528 0 0 0 0
0.19165 0 0 0 0
0.191772 0 0 0 0
0.191895 0 0 0 0
0.192017 0 0 0 0
0.192139 0 0 0 0
0.192261 0 0 0 0
0.192383 0 0 0 0
0.192505 0 0 0 0
0.192627 0 0 0 0
0.192749 0 0 0 0
0.192871 0 0 0 0
0.192993 0 0 0 0
0.193115 0 0 0 0
0.193237 0 0 0 0
0.193359 0 0 0 0
0.193481 0 0 0 0
0.193604 0 0 0 0
0.193726 0 0 0 0
0.193848 0 0 0 0
0.19397 0 0 0 0
0.194092 0 0 0 0
0.194214 0 0 0 0
0.194336 0 0 0 0
0.194458 0 0 0 0
0.19458 0 0 0 0
0.194702 0 0 0 0
0.194824 0 0 0 0
0.194946 0 0 0 0
0.195068 0 0 0 0
0.19519 0 0 0 0
0.195312 0 0 0 0
0.195435 0 0 0 0
0.195557 0 0 0 0
0.195679 0 0 0 0
0.195801 0 0 0 0
0.195923 0 0 0 0
0.196045 0 0 0 0
0.196167 0 0 0 0
0.196289 0 0 0 0
0.196411 0 0 0 0
0.196533 0 0 0 0
0.196655 0 0 0 0
0.196777 0 0 0 0
0.196899 0 0 0 0
0.197021 0 0 0 0
0.197144 0 0 0 0
0.197266 0 0 0 0
0.197388 0 0 0 0
0.19751 0 0 0 0
0.197632 0 0 0 0
0.197754 0 0 0 0
0.197876 0 0 0 0
0.197998 0 0 0 0
0.19812 0 0 0 0
0.198242 0 0 0 0
0.198364 0 0 0 0
0.198486 0 0 0 0
0.198608 0 0 0 0
0.19873 0 0 0 0
0.198853 0 0 0 0
0.198975 0 0 0 0
0.199097 0 0 0 0
0.199219 0 0 0 0
0.199341 0 0 0 0
0.199463 0 0 0 0
0.199585 0 0 0 0
0.199707 0 0 0 0
0.199829 0 0 0 0
0.199951 0 0 0 0
0.200073 0 0 0 0
0.200195 0 0 0 0
0.200317 0 0 0 0
0.200439 0 0 0 0
0.200562 0 0 0 0
0.200684 0 0 0 0
0.200806 0 0 0 0
0.200928 0 0 0 0
0.20105 0 0 0 0
0.201172 0 0 0 0
0.201294 0 0 0 0
0.201416 0 0 0 0
0.201538 0 0 0 0
0.20166 0 0 0 0
0.201782 0 0 0 0
0.201904 0 0 0 0
0.202026 0 0 0 0
0.202148 0 0 0 0
0.202271 0 0 0 0
0.202393 0 0 0 0
0.202515 0 0 0 0
0.202637 0 0 0 0
0.202759 0 0 0 0
0.202881 0 0 0 0
0.203003 0 0 0 0
0.203125 0 0 0 0
0.203247 0 0 0 0
0.203369 0 0 0 0
0.203491 0 0 0 0
0.203613 0 0 0 0
0.203735 0 0 0 0
0.203857 0 0 0 0
0.203979 0 0 0 0
0.204102 0 0 0 0
0.204224 0 0 0 0
0.204346 0 0 0 0
0.204468 0 0 0 0
0.20459 0 0 0 0
0.204712 0 0 0 0
0.204834 0 0 0 0
0.204956 0 0 0 0
0.205078 0 0 0 0
0.2052 0 0 0 0
0.205322 0 0 0 0
0.205444 0 0 0 0
0.205566 0 0 0 0
0.205688 0 0 0 0
0.205811 0 0 0 0
0.205933 0 0 0 0
0.206055 0 0 0 0
0.206177 0 0 0 0
0.206299 0 0 0 0
0.206421 0 0 0 0
0.206543 0 0 0 0
0.206665 0 0 0 0
0.206787 0 0 0 0
0.206909 0 0 0 0
0.207031 0 0 0 0
0.207153 0 0 0 0
0.207275 0 0 0 0
0.207397 0 0 0 0
0.20752 0 0 0 0
0.207642 0 0 0 0
0.207764 0 0 0 0
0.207886 0 0 0 0
0.208008 0 0 0 0
0.20813 0 0 0 0
0.208252 0 0 0 0
0.208374 0 0 0 0
0.208496 0 0 0 0
0.208618 0 0 0 0
0.20874 0 0 0 0
0.208862 0 0 0 0
0.208984 0 0 0 0
0.209106 0 0 0 0
0.209229 0 0 0 0
0.209351 0 0 0 0
0.209473 0 0 0 0
0.209595 0 0 0 0
0.209717 0 0 0 0
0.209839 0 0 0 0
0.209961 0 0 0 0
0.210083 0 0 0 0
0.210205 0 0 0 0
0.210327 0 0 0 0
0.210449 0 0 0 0
0.210571 0 0 0 0
0.210693 0 0 0 0
0.210815 0 0 0 0
0.210938 0 0 0 0
0.21106 0 0 0 0
0.211182 0 0 0 0
0.211304 0 0 0 0
0.211426 0 0 0 0
0.211548 0 0 0 0
0.21167 0 0 0 0
0.211792 0 0 0 0
0.211914 0 0 0 0
0.212036 0 0 0 0
0.212158 0 0 0 0
0.21228 0 0 0 0
0.212402 0 0 0 0
0.212524 0 0 0 0
0.212646 0 0 0 0
0.212769 0 0 0 0
0.212891 0 0 0 0
0.213013 0 0 0 0
0.213135 0 0 0 0
0.213257 0 0 0 0
0.213379 0 0 0 0
0.213501 0 0 0 0
0.213623 0 0 0 0
0.213745 0 0 0 0
0.213867 0 0 0 0
0.213989 0 0 0 0
0.214111 0 0 0 0
0.214233 0 0 0 0
0.214355 0 0 0 0
0.214478 0 0 0 0
0.2146 0 0 0 0
0.214722 0 0 0 0
0.214844 0 0 0 0
0.214966 0 0 0 0
0.215088 0 0 0 0
0.21521 0 0 0 0
0.215332 0 0 0 0
0.215454 0 0 0 0
0.215576 0 0 0 0
0.215698 0 0 0 0
0.21582 0 0 0 0
0.215942 0 0 0 0
0.216064 0 0 0 0
0.216187 0 0 0 0
0.216309 0 0 0 0
0.216431 0 0 0 0
0.216553 0 0 0 0
0.216675 0 0 0 0
0.216797 0 0 0 0
0.216919 0 0 0 0
0.217041 0 0 0 0
0.217163 0 0 0 0
0.217285 0 0 0 0
0.217407 0 0 0 0
0.217529 0 0 0 0
0.217651 0 0 0 0
0.217773 0 0 0 0
0.217896 0 0 0 0
0.218018 0 0 0 0
0.21814 0 0 0 0
0.218262 0 0 0 0
0.218384 0 0 0 0
0.218506 0 0 0 0
0.218628 0 0 0 0
0.21875 0 0 0 0
0.218872 0 0 0 0
0.218994 0 0 0 0
0.219116 0 0 0 0
0.219238 0 0 0 0
0.21936 0 0 0 0
0.219482 0 0 0 0
0.219604 0 0 0 0
0.219727 0 0 0 0
0.219849 0 0 0 0
0.219971 0 0 0 0
0.220093 0 0 0 0
0.220215 0 0 0 0
0.220337 0 0 0 0
0.220459 0 0 0 0
0.220581 0 0 0 0
0.220703 0 0 0 0
0.220825 0 0 0 0
0.220947 0 0 0 0
0.221069 0 0 0 0
0.221191 0 0 0 0
0.221313 0 0 0 0
0.221436 0 0 0 0
0.221558 0 0 0 0
0.22168 0 0 0 0
0.221802 0 0 0 0
0.221924 0 0 0 0
0.222046 0 0 0 0
0.222168 0 0 0 0
0.22229 0 0 0 0
0.222412 0 0 0 0
0.222534 0 0 0 0
0.222656 0 0 0 0
0.222778 0 0 0 0
0.2229 0 0 0 0
0.223022 0 0 0 0
0.223145 0 0 0 0
0.223267 0 0 0 0
0.223389 0 0 0 0
0.223511 0 0 0 0
0.223633 0 0 0 0
0.223755 0 0 0 0
0.223877 0 0 0 0
0.223999 0 0 0 0
0.224121 0 0 0 0
0.224243 0 0 0 0
0.224365 0 0 0 0
0.224487 0 0 0 0
0.224609 0 0 0 0
0.224731 0 0 0 0
0.224854 0 0 0 0
0.224976 0 0 0 0
0.225098 0 0 0 0
0.22522 0 0 0 0
0.225342 0 0 0 0
0.225464 0 0 0 0
0.225586 0 0 0 0
0.225708 0 0 0 0
0.22583 0 0 0 0
0.225952 0 0 0 0
0.226074 0 0 0 0
0.226196 0 0 0 0
0.226318 0 0 0 0
0.22644 0 0 0 0
0.226562 0 0 0 0
0.226685 0 0 0 0
0.226807 0 0 0 0
0.226929 0 0 0 0
0.227051 0 0 0 0
0.227173 0 0 0 0
0.227295 0 0 0 0
0.227417 0 0 0 0
0.227539 0 0 0 0
0.227661 0 0 0 0
0.227783 0 0 0 0
0.227905 0 0 0 0
0.228027 0 0 0 0
0.228149 0 0 0 0
0.228271 0 0 0 0
0.228394 0 0 0 0
0.228516 0 0 0 0
0.228638 0 0 0 0
0.22876 0 0 0 0
0.228882 0 0 0 0
0.229004 0 0 0 0
0.229126 0 0 0 0
0.229248 0 0 0 0
0.22937 0 0 0 0
0.229492 0 0 0 0
0.229614 0 0 0 0
0.229736 0 0 0 0
0.229858 0 0 0 0
0.22998 0 0 0 0
0.230103 0 0 0 0
0.230225 0 0 0 0
0.230347 0 0 0 0
0.230469 0 0 0 0
0.230591 0 0 0 0
0.230713 0 0 0 0
0.230835 0 0 0 0
0.230957 0 0 0 0
0.231079 0 0 0 0
0.231201 0 0 0 0
0.231323 0 0 0 0
0.231445 0 0 0 0
0.231567 0 0 0 0
0.231689 0 0 0 0
0.231812 0 0 0 0
0.231934 0 0 0 0
0.232056 0 0 0 0
0.232178 0 0 0 0
0.2323 0 0 0 0
0.232422 0 0 0 0
0.232544 0 0 0 0
0.232666 0 0 0 0
0.232788 0 0 0 0
0.23291 0 0 0 0
0.233032 0 0 0 0
0.233154 0 0 0 0
0.233276 0 0 0 0
0.233398 0 0 0 0
0.233643 0 0 0 0
0.233887 0 0 0 0
0.234131 0 0 0 0
0.234375 0 0 0 0
0.234619 0 0 0 0
0.234863 0 0 0 0
0.235107 0 0 0 0
0.235352 0 0 0 0
0.235596 0 0 0 0
0.23584 0 0 0 0
0.236084 0 0 0 0
0.236328 0 0 0 0
0.236572 0 0 0 0
0.236816 0 0 0 0
0.237061 0 0 0 0
0.237305 0 0 0 0
0.237549 0 0 0 0
0.237793 0 0 0 0
0.238037 0 0 0 0
0.238281 0 0 0 0
0.238525 0 0 0 0
0.23877 0 0 0 0
0.239014 0 0 0 0
0.239258 0 0 0 0
0.239502 0 0 0 0
0.239746 0 0 0 0
0.23999 0 0 0 0
0.240234 0 0 0 0
0.240479 0 0 0 0
0.240723 0 0 0 0
0.240967 0 0 0 0
0.241211 0 0 0 0
0.241455 0 0 0 0
0.241699 0 0 0 0
0.241943 0 0 0 0
0.242188 0 0 0 0
0.242432 0 0 0 0
0.242676 0 0 0 0
0.24292 0 0 0 0
0.243164 0 0 0 0
0.243408 0 0 0 0
0.243652 0 0 0 0
0.243896 0 0 0 0
0.244141 0 0 0 0
0.245117 0 0 0 0
0.246094 0 0 0 0
0.24707 0 0 0 0
0.248047 0 0 0 0
0.248535 0 0 0 0
0.249023 0 0 0 0
0.249512 0 0 0 0
0.25 0 0 0 0
0.250488 0 0 0 0
0.250977 0 0 0 0
0.251465 0 0 0 0
0.251953 0 0 0 0
0.252441 0 0 0 0
0.25293 0 0 0 0
0.253418 0 0 0 0
0.253906 0 0 0 0
0.254395 0 0 0 0
0.254883 0 0 0 0
0.255371 0 0 0 0
0.255859 0 0 0 0
0.256348 0 0 0 0
0.256836 0 0 0 0
0.257324 0 0 0 0
0.257812 0 0 0 0
0.258301 0 0 0 0
0.258789 0 0 0 0
0.259277 0 0 0 0
0.259766 0 0 0 0
0.260254 0 0 0 0
0.260742 0 0 0 0
0.26123 0 0 0 0
0.261719 0 0 0 0
0.262207 0 0 0 0
0.262695 0 0 0 0
0.263184 0 0 0 0
0.263672 0 0 0 0
0.26416 0 0 0 0
0.264648 0 0 0 0
0.265137 0 0 0 0
0.265625 0 0 0 0
0.266113 0 0 0 0
0.266602 0 0 0 0
0.26709 0 0 0 0
0.267578 0 0 0 0
0.268066 0 0 0 0
0.268555 0 0 0 0
0.269043 0 0 0 0
0.269531 0 0 0 0
0.27002 0 0 0 0
0.270508 0 0 0 0
0.270996 0 0 0 0
0.271484 0 0 0 0
0.271973 0 0 0 0
0.272461 0 0 0 0
0.272949 0 0 0 0
0.273438 0 0 0 0
0.273926 0 0 0 0
0.274414 0 0 0 0
0.274902 0 0 0 0
0.275391 0 0 0 0
0.275879 0 0 0 0
0.276367 0 0 0 0
0.276855 0 0 0 0
0.277344 0 0 0 0
0.277832 0 0 0 0
0.27832 0 0 0 0
0.278809 0 0 0 0
0.279297 0 0 0 0
0.279785 0 0 0 0
0.280273 0 0 0 0
0.280762 0 0 0 0
0.28125 0 0 0 0
0.281738 0 0 0 0
0.282227 0 0 0 0
0.283203 0 0 0 0
0.28418 0 0 0 0
0.285156 0 0 0 0
0.286133 0 0 0 0
0.287109 0 0 0 0
0.288086 0 0 0 0
0.289062 0 0 0 0
0.290039 0 0 0 0
0.291016 0 0 0 0
0.291992 0 0 0 0
0.292969 0 0 0 0
0.293945 0 0 0 0
0.294922 0 0 0 0
0.295898 0 0 0 0
0.296875 0 0 0 0
0.297852 0 0 0 0
0.298828 0 0 0 0
0.299805 0 0 0 0
0.300781 0 0 0 0
0.301758 0 0 0 0
0.302734 0 0 0 0
0.303711 0 0 0 0
0.304688 0 0 0 0
0.305176 0 0 0 0
0.305664 0 0 0 0
0.306641 0 0 0 0
0.307617 0 0 0 0
0.308594 0 0 0 0
0.30957 0 0 0 0
0.310547 0 0 0 0
0.311523 0 0 0 0
0.3125 0 0 0 0
0.313477 0 0 0 0
0.314453 0 0 0 0
0.31543 0 0 0 0
0.316406 0 0 0 0
0.317383 0 0 0 0
0.318359 0 0 0 0
0.319336 0 0 0 0
0.320312 0 0 0 0
0.321289 0 0 0 0
0.322266 0 0 0 0
0.323242 0 0 0 0
0.324219 0 0 0 0
0.325195 0 0 0 0
0.326172 0 0 0 0
0.327148 0 0 0 0
0.328125 0 0 0 0
0.329102 0 0 0 0
0.330078 0 0 0 0
0.331055 0 0 0 0
0.332031 0 0 0 0
0.333008 0 0 0 0
0.333984 0 0 0 0
0.334961 0 0 0 0
0.335938 0 0 0 0
0.336914 0 0 0 0
0.337891 0 0 0 0
0.338867 0 0 0 0
0.339844 0 0 0 0
0.34082 0 0 0 0
0.341797 0 0 0 0
0.342773 0 0 0 0
0.34375 0 0 0 0
0.344727 0 0 0 0
0.345703 0 0 0 0
0.34668 0 0 0 0
0.347656 0 0 0 0
0.348633 0 0 0 0
0.349609 0 0 0 0
0.350586 0 0 0 0
0.351562 0 0 0 0
0.353516 0 0 0 0
0.355469 0 0 0 0
0.357422 0 0 0 0
0.359375 0 0 0 0
0.361328 0 0 0 0
0.363281 0 0 0 0
0.365234 0 0 0 0
0.367188 0 0 0 0
0.369141 0 0 0 0
0.371094 0 0 0 0
0.373047 0 0 0 0
0.375 0 0 0 0
0.376953 0 0 0 0
0.378906 0 0 0 0
0.380859 0 0 0 0
0.382812 0 0 0 0
0.384766 0 0 0 0
0.386719 0 0 0 0
0.388672 0 0 0 0
0.390625 0 0 0 0
0.392578 0 0 0 0
0.394531 0 0 0 0
0.396484 0 0 0 0
0.398438 0 0 0 0
0.400391 0 0 0 0
0.402344 0 0 0 0
0.404297 0 0 0 0
0.40625 0 0 0 0
0.407227 0 0 0 0
0.408203 0 0 0 0
0.40918 0 0 0 0
0.410156 0 0 0 0
0.411133 0 0 0 0
0.412109 0 0 0 0
0.413086 0 0 0 0
0.414062 0 0 0 0
0.415039 0 0 0 0
0.416016 0 0 0 0
0.416992 0 0 0 0
0.417969 0 0 0 0
0.418945 0 0 0 0
0.419922 0 0 0 0
0.420898 0 0 0 0
0.421875 0 0 0 0
0.422852 0 0 0 0
0.423828 0 0 0 0
0.424805 0 0 0 0
0.425781 0 0 0 0
0.426758 0 0 0 0
0.427734 0 0 0 0
0.428711 0 0 0 0
0.429688 0 0 0 0
0.430664 0 0 0 0
0.431641 0 0 0 0
0.432617 0 0 0 0
0.433594 0 0 0 0
0.43457 0 0 0 0
0.435547 0 0 0 0
0.436523 0 0 0 0
0.4375 0 0 0 0
0.438477 0 0 0 0
0.439453 0 0 0 0
0.439941 0 0 0 0
0.44043 0 0 0 0
0.441406 0 0 0 0
0.442383 0 0 0 0
0.443359 0 0 0 0
0.445312 0 0 0 0
0.447266 0 0 0 0
0.449219 0 0 0 0
0.451172 0 0 0 0
0.452148 0 0 0 0
0.453125 0 0 0 0
0.454102 0 0 0 0
0.455078 0 0 0 0
0.456055 0 0 0 0
0.457031 0 0 0 0
0.458008 0 0 0 0
0.458984 0 0 0 0
0.459961 0 0 0 0
0.460938 0 0 0 0
0.461914 0 0 0 0
0.462891 0 0 0 0
0.463867 0 0 0 0
0.464844 0 0 0 0
0.46582 0 0 0 0
0.466797 0 0 0 0
0.467773 0 0 0 0
0.46875 0 0 0 0
0.469727 0 0 0 0
0.470703 0 0 0 0
0.47168 0 0 0 0
0.472656 0 0 0 0
0.473633 0 0 0 0
0.474609 0 0 0 0
0.475586 0 0 0 0
0.476562 0 0 0 0
0.477539 0 0 0 0
0.478516 0 0 0 0
0.479492 0 0 0 0
0.480469 0 0 0 0
0.481445 0 0 0 0
0.482422 0 0 0 0
0.483398 0 0 0 0
0.484375 0 0 0 0
0.485352 0 0 0 0
0.486328 0 0 0 0
0.487305 0 0 0 0
0.488281 0 0 0 0
0.489258 0 0 0 0
0.490234 0 0 0 0
0.491211 0 0 0 0
0.492188 0 0 0 0
0.493164 0 0 0 0
0.494141 0 0 0 0
0.495117 0 0 0 0
0.496094 0 0 0 0
0.49707 0 0 0 0
0.498047 0 0 0 0
0.499023 0 0 0 0
0.5 0 0 0 0
0.500977 0 0 0 0
0.501953 0 0 0 0
0.50293 0 0 0 0
0.503906 0 0 0 0
0.504883 0 0 0 0
0.505859 0 0 0 0
0.506836 0 0 0 0
0.507812 0 0 0 0
0.508789 0 0 0 0
0.509766 0 0 0 0
0.510742 0 0 0 0
0.511719 0 0 0 0
0.512695 0 0 0 0
0.513672 0 0 0 0
0.514648 0 0 0 0
0.515625 0 0 0 0
0.516602 0 0 0 0
0.517578 0 0 0 0
0.518555 0 0 0 0
0.519531 0 0 0 0
0.520508 0 0 0 0
0.521484 0 0 0 0
0.522461 0 0 0 0
0.523438 0 0 0 0
0.524414 0 0 0 0
0.525391 0 0 0 0
0.526367 0 0 0 0
0.527344 0 0 0 0
0.52832 0 0 0 0
0.529297 0 0 0 0
0.530273 0 0 0 0
0.53125 0 0 0 0
0.532227 0 0 0 0
0.533203 0 0 0 0
0.53418 0 0 0 0
0.535156 0 0 0 0
0.536133 0 0 0 0
0.537109 0 0 0 0
0.538086 0 0 0 0
0.539062 0 0 0 0
0.540039 0 0 0 0
0.541016 0 0 0 0
0.541992 0 0 0 0
0.542969 0 0 0 0
0.543945 0 0 0 0
0.544922 0 0 0 0
0.545898 0 0 0 0
0.546875 0 0 0 0
0.547852 0 0 0 0
0.548828 0 0 0 0
0.549805 0 0 0 0
0.550781 0 0 0 0
0.551758 0 0 0 0
0.552734 0 0 0 0
0.553711 0 0 0 0
0.554688 0 0 0 0
0.555664 0 0 0 0
0.556641 0 0 0 0
0.557617 0 0 0 0
0.558594 0 0 0 0
0.55957 0 0 0 0
0.560547 0 0 0 0
0.561523 0 0 0 0
0.5625 0 0 0 0
0.563477 0 0 0 0
0.564453 0 0 0 0
0.56543 0 0 0 0
0.566406 0 0 0 0
0.567383 0 0 0 0
0.568359 0 0 0 0
0.570312 0 0 0 0
0.572266 0 0 0 0
0.574219 0 0 0 0
0.575195 0 0 0 0
0.576172 0 0 0 0
0.577148 0 0 0 0
0.578125 0 0 0 0
0.579102 0 0 0 0
0.580078 0 0 0 0
0.581055 0 0 0 0
0.582031 0 0 0 0
0.58252 0 0 0 0
0.583008 0 0 0 0
0.583496 0 0 0 0
0.583984 0 0 0 0
0.584473 0 0 0 0
0.584961 0 0 0 0
0.585938 0 0 0 0
0.587891 0 0 0 0
0.588867 0 0 0 0
0.589355 0 0 0 0
0.589844 0 0 0 0
0.590332 0 0 0 0
0.59082 0 0 0 0
0.591309 0 0 0 0
0.591797 0 0 0 0
0.592285 0 0 0 0
0.592773 0 0 0 0
0.59375 0 0 0 0
0.594727 0 0 0 0
0.595703 0 0 0 0
0.59668 0 0 0 0
0.597656 0 0 0 0
0.599609 0 0 0 0
0.600098 0 0 0 0
0.600586 0 0 0 0
0.601074 0 0 0 0
0.601562 0 0 0 0
0.602051 0 0 0 0
0.602539 0 0 0 0
0.603027 0 0 0 0
0.603516 0 0 0 0
0.604004 0 0 0 0
0.604492 0 0 0 0
0.605469 0 0 0 0
0.606445 0 0 0 0
0.607422 0 0 0 0
0.608398 0 0 0 0
0.609375 0 0 0 0
0.610352 0 0 0 0
0.611328 0 0 0 0
0.612305 0 0 0 0
0.613281 0 0 0 0
0.614258 0 0 0 0
0.615234 0 0 0 0
0.616211 0 0 0 0
0.617188 0 0 0 0
0.618164 0 0 0 0
0.619141 0 0 0 0
0.620117 0 0 0 0
0.621094 0 0 0 0
0.62207 0 0 0 0
0.623047 0 0 0 0
0.624023 0 0 0 0
0.625 0 0 0 0
0.626953 0 0 0 0
0.628906 0 0 0 0
0.629883 0 0 0 0
0.630859 0 0 0 0
0.631836 0 0 0 0
0.632812 0 0 0 0
0.633789 0 0 0 0
0.634766 0 0 0 0
0.635742 0 0 0 0
0.636719 0 0 0 0
0.637695 0 0 0 0
0.638672 0 0 0 0
0.639648 0 0 0 0
0.640625 0 0 0 0
0.641602 0 0 0 0
0.642578 0 0 0 0
0.643555 0 0 0 0
0.644531 0 0 0 0
0.645508 0 0 0 0
0.646484 0 0 0 0
0.647461 0 0 0 0
0.648438 0 0 0 0
0.649414 0 0 0 0
0.650391 0 0 0 0
0.651367 0 0 0 0
0.652344 0 0 0 0
0.65332 0 0 0 0
0.654297 0 0 0 0
0.655273 0 0 0 0
0.65625 0 0 0 0
0.657227 0 0 0 0
0.658203 0 0 0 0
0.65918 0 0 0 0
0.660156 0 0 0 0
0.661133 0 0 0 0
0.662109 0 0 0 0
0.663086 0 0 0 0
0.664062 0 0 0 0
0.665039 0 0 0 0
0.666016 0 0 0 0
0.666992 0 0 0 0
0.667969 0 0 0 0
0.668945 0 0 0 0
0.669922 0 0 0 0
0.670898 0 0 0 0
0.671875 0 0 0 0
0.672852 0 0 0 0
0.673828 0 0 0 0
0.674805 0 0 0 0
0.675781 0 0 0 0
0.676758 0 0 0 0
0.677734 0 0 0 0
0.678711 0 0 0 0
0.679688 0 0 0 0
0.680664 0 0 0 0
0.681641 0 0 0 0
0.682617 0 0 0 0
0.683594 0 0 0 0
0.68457 0 0 0 0
0.685547 0 0 0 0
0.686523 0 0 0 0
0.6875 0 0 0 0
0.688477 0 0 0 0
0.689453 0 0 0 0
0.69043 0 0 0 0
0.691406 0 0 0 0
0.692383 0 0 0 0
0.693359 0 0 0 0
0.694336 0 0 0 0
0.695312 0 0 0 0
0.696289 0 0 0 0
0.697266 0 0 0 0
0.698242 0 0 0 0
0.699219 0 0 0 0
0.700195 0 0 0 0
0.701172 0 0 0 0
0.702148 0 0 0 0
0.703125 0 0 0 0
0.704102 0 0 0 0
0.705078 0 0 0 0
0.706055 0 0 0 0
0.707031 0 0 0 0
0.708008 0 0 0 0
0.708984 0 0 0 0
0.709961 0 0 0 0
0.710938 0 0 0 0
0.711914 0 0 0 0
0.712891 0 0 0 0
0.713867 0 0 0 0
0.714844 0 0 0 0
0.71582 0 0 0 0
0.716797 0 0 0 0
0.717773 0 0 0 0
0.71875 0 0 0 0
0.719727 0 0 0 0
0.720703 0 0 0 0
0.72168 0 0 0 0
0.722168 0 0 0 0
0.722656 0 0 0 0
0.723145 0 0 0 0
0.723633 0 0 0 0
0.724121 0 0 0 0
0.724609 0 0 0 0
0.725586 0 0 0 0
0.726562 0 0 0 0
0.728516 0 0 0 0
0.729492 0 0 0 0
0.730469 0 0 0 0
0.731445 0 0 0 0
0.732422 0 0 0 0
0.733398 0 0 0 0
0.734375 0 0 0 0
0.735352 0 0 0 0
0.736328 0 0 0 0
0.737305 0 0 0 0
0.738281 0 0 0 0
0.739258 0 0 0 0
0.740234 0 0 0 0
0.741211 0 0 0 0
0.742188 0 0 0 0
0.743164 0 0 0 0
0.744141 0 0 0 0
0.745117 0 0 0 0
0.746094 0 0 0 0
0.74707 0 0 0 0
0.748047 0 0 0 0
0.749023 0 0 0 0
0.75 0 0 0 0
0.750977 0 0 0 0
0.751953 0 0 0 0
0.75293 0 0 0 0
0.753906 0 0 0 0
0.754883 0 0 0 0
0.755859 0 0 0 0
0.756836 0 0 0 0
0.757812 0 0 0 0
0.758789 0 0 0 0
0.759766 0 0 0 0
0.760742 0 0 0 0
0.761719 0 0 0 0
0.762695 0 0 0 0
0.763672 0 0 0 0
0.764648 0 0 0 0
0.765625 0 0 0 0
0.766602 0 0 0 0
0.767578 0 0 0 0
0.768555 0 0 0 0
0.769531 0 0 0 0
0.770508 0 0 0 0
0.771484 0 0 0 0
0.772461 0 0 0 0
0.773438 0 0 0 0
0.774414 0 0 0 0
0.775391 0 0 0 0
0.776367 0 0 0 0
0.777344 0 0 0 0
0.77832 0 0 0 0
0.779297 0 0 0 0
0.780273 0 0 0 0
0.78125 0 0 0 0
0.782227 0 0 0 0
0.783203 0 0 0 0
0.78418 0 0 0 0
0.785156 0 0 0 0
0.786133 0 0 0 0
0.787109 0 0 0 0
0.788086 0 0 0 0
0.789062 0 0 0 0
0.790039 0 0 0 0
0.791016 0 0 0 0
0.791992 0 0 0 0
0.792969 0 0 0 0
0.793945 0 0 0 0
0.794922 0 0 0 0
0.795898 0 0 0 0
0.796875 0 0 0 0
0.797852 0 0 0 0
0.798828 0 0 0 0
0.799805 0 0 0 0
0.800781 0 0 0 0
0.801758 0 0 0 0
0.802734 0 0 0 0
0.803711 0 0 0 0
0.804688 0 0 0 0
0.805664 0 0 0 0
0.806641 0 0 0 0
0.807617 0 0 0 0
0.808594 0 0 0 0
0.80957 0 0 0 0
0.810547 0 0 0 0
0.811523 0 0 0 0
0.8125 0 0 0 0
0.813477 0 0 0 0
0.814453 0 0 0 0
0.81543 0 0 0 0
0.816406 0 0 0 0
0.817383 0 0 0 0
0.818359 0 0 0 0
0.819336 0 0 0 0
0.820312 0 0 0 0
0.821289 0 0 0 0
0.822266 0 0 0 0
0.823242 0 0 0 0
0.824219 0 0 0 0
0.825195 0 0 0 0
0.826172 0 0 0 0
0.827148 0 0 0 0
0.828125 0 0 0 0
0.830078 0 0 0 0
0.832031 0 0 0 0
0.833984 0 0 0 0
0.835938 0 0 0 0
0.837891 0 0 0 0
0.839844 0 0 0 0
0.841797 0 0 0 0
0.84375 0 0 0 0
0.845703 0 0 0 0
0.847656 0 0 0 0
0.849609 0 0 0 0
0.851562 0 0 0 0
0.852539 0 0 0 0
0.853516 0 0 0 0
0.854492 0 0 0 0
0.855469 0 0 0 0
0.856445 0 0 0 0
0.857422 0 0 0 0
0.858398 0 0 0 0
0.859375 0 0 0 0
0.860352 0 0 0 0
0.861328 0 0 0 0
0.862305 0 0 0 0
0.863281 0 0 0 0
0.864258 0 0 0 0
0.865234 0 0 0 0
0.866211 0 0 0 0
0.867188 0 0 0 0
0.868164 0 0 0 0
0.869141 0 0 0 0
0.870117 0 0 0 0
0.871094 0 0 0 0
0.87207 0 0 0 0
0.873047 0 0 0 0
0.874023 0 0 0 0
0.875 0 0 0 0
0.875977 0 0 0 0
0.876953 0 0 0 0
0.87793 0 0 0 0
0.878906 0 0 0 0
0.879883 0 0 0 0
0.880859 0 0 0 0
0.881836 0 0 0 0
0.882812 0 0 0 0
0.883301 0 0 0 0
0.883789 0 0 0 0
0.884277 0 0 0 0
0.884766 0 0 0 0
0.885254 0 0 0 0
0.885742 0 0 0 0
0.88623 0 0 0 0
0.886719 0 0 0 0
0.887207 0 0 0 0
0.887695 0 0 0 0
0.888184 0 0 0 0
0.888672 0 0 0 0
0.888916 0 0 0 0
0.88916 0 0 0 0
0.889404 0 0 0 0
0.889648 0 0 0 0
0.889893 0 0 0 0
0.890137 0 0 0 0
0.890381 0 0 0 0
0.890625 0 0 0 0
0.890869 0 0 0 0
0.891113 0 0 0 0
0.891357 0 0 0 0
0.891602 0 0 0 0
0.891846 0 0 0 0
0.89209 0 0 0 0
0.892334 0 0 0 0
0.892578 0 0 0 0
0.892822 0 0 0 0
0.893066 0 0 0 0
0.893311 0 0 0 0
0.893555 0 0 0 0
0.893799 0 0 0 0
0.894043 0 0 0 0
0.894287 0 0 0 0
0.894531 0 0 0 0
0.894775 0 0 0 0
0.89502 0 0 0 0
0.895264 0 0 0 0
0.895508 0 0 0 0
0.895752 0 0 0 0
0.895996 0 0 0 0
0.896484 0 0 0 0
0.896973 0 0 0 0
0.897461 0 0 0 0
0.897949 0 0 0 0
0.898438 0 0 0 0
0.898926 0 0 0 0
0.899414 0 0 0 0
0.899902 0 0 0 0
0.900391 0 0 0 0
0.900879 0 0 0 0
0.901367 0 0 0 0
0.901855 0 0 0 0
0.902344 0 0 0 0
0.902832 0 0 0 0
0.90332 0 0 0 0
0.904297 0 0 0 0
0.905273 0 0 0 0
0.90625 0 0 0 0
0.907227 0 0 0 0
0.908203 0 0 0 0
0.90918 0 0 0 0
0.910156 0 0 0 0
0.911133 0 0 0 0
0.912109 0 0 0 0
0.913086 0 0 0 0
0.914062 0 0 0 0
0.915039 0 0 0 0
0.916016 0 0 0 0
0.916992 0 0 0 0
0.917969 0 0 0 0
0.918945 0 0 0 0
0.919922 0 0 0 0
0.920898 0 0 0 0
0.921875 0 0 0 0
0.922852 0 0 0 0
0.923828 0 0 0 0
0.924805 0 0 0 0
0.925781 0 0 0 0
0.92627 0 0 0 0
0.926758 0 0 0 0
0.927246 0 0 0 0
0.927734 0 0 0 0
0.928223 0 0 0 0
0.928711 0 0 0 0
0.929688 0 0 0 0
0.930664 0 0 0 0
0.931641 0 0 0 0
0.932617 0 0 0 0
0.933594 0 0 0 0
0.93457 0 0 0 0
0.935547 0 0 0 0
0.936523 0 0 0 0
0.937012 0 0 0 0
0.937256 0 0 0 0
0.9375 0 0 0 0
0.937744 0 0 0 0
0.937988 0 0 0 0
0.938232 0 0 0 0
0.938477 0 0 0 0
0.938965 0 0 0 0
0.939453 0 0 0 0
0.94043 0 0 0 0
0.941406 0 0 0 0
0.943359 0 0 0 0
0.945312 0 0 0 0
0.947266 0 0 0 0
0.949219 0 0 0 0
0.951172 0 0 0 0
0.953125 0 0 0 0
0.955078 0 0 0 0
0.957031 0 0 0 0
0.958984 0 0 0 0
0.960938 0 0 0 0
0.962891 0 0 0 0
0.964844 0 0 0 0
0.966797 0 0 0 0
0.96875 0 0 0 0
0.970703 0 0 0 0
0.972656 0 0 0 0
0.973633 0 0 0 0
0.974609 0 0 0 0
0.975586 0 0 0 0
0.976562 0 0 0 0
0.977539 0 0 0 0
0.978516 0 0 0 0
0.979492 0 0 0 0
0.980469 0 0 0 0
0.982422 0 0 0 0
0.984375 0 0 0 0
0.986328 0 0 0 0
0.988281 0 0 0 0
0.990234 0 0 0 0
0.992188 0 0 0 0
0.994141 0 0 0 0
0.995117 0 0 0 0
0.996094 0 0 0 0
0.99707 0 0 0 0
0.998047 0 0 0 0
0.999023 0 0 0 0
1 0 0 0 0
