0.172485 1 0 0 0 0.00012207 0 
0.172607 1 0 0 0 0.00012207 0 
0.172729 1 0 0 0 0.00012207 0 
0.172852 1 0 0 0 0.00012207 0 
0.172974 1 0 0 0 0.00012207 0 
0.173096 1 0 0 0 0.00012207 0 
0.173218 1 0 0 0 0.00012207 0 
0.17334 1 0 0 0 0.00012207 0 
0.173462 1 0 0 0 0.00012207 0 
0.173584 1 0 0 0 0.00012207 0 
0.173706 1 0 0 0 0.00012207 0 
0.173828 1 0 0 0 0.00012207 0 
0.17395 1 0 0 0 0.00012207 0 
0.174072 1 0 0 0 0.00012207 0 
0.174194 1 0 0 0 0.00012207 0 
0.174316 1 0 0 0 0.00012207 0 
0.174438 1 0 0 0 0.00012207 0 
0.174561 1 0 0 0 0.00012207 0 
0.174683 1 0 0 0 0.00012207 0 
0.174805 1 0 0 0.263531 0.00012207 0.0005408 
0.174927 1 0 0 0.263531 0.00012207 0.0005408 
0.175049 1 0 0 0.263531 0.00012207 0.0005408 
0.175171 1 0 0 0.263531 0.00012207 0.0005408 
0.175293 1 0 0 0.263531 0.00012207 0.0005408 
0.175415 1 0 0 0.263531 0.00012207 0.0005408 
0.175537 1 0 0 0.263531 0.00012207 0.0005408 
0.175659 1 0 0 0.263531 0.00012207 0.0005408 
0.175781 1 0 0 0.263531 0.00012207 0.0005408 
0.175903 1 0 0 0.263531 0.00012207 0.0005408 
0.176025 1 1 1 0.260896 0.00012207 0.0005408 
0.176147 1 0 0 0.257328 0.00012207 0.0005408 
0.17627 1 1 1 0.257328 0.00012207 0.0005408 
0.176392 1 0 0 0.25636 0.00012207 0.0005408 
0.176514 1 0 0 0.25636 0.00012207 0.0005408 
0.176636 1 0 0 0.25636 0.00012207 0.0005408 
0.176758 1 0 0 0.25636 0.00012207 0.0005408 
0.17688 1 0 0 0.25636 0.00012207 0.0005408 
0.177002 1 0 0 0.25636 0.00012207 0.0005408 
0.177124 1 0 0 0.25636 0.00012207 0.0005408 
0.177246 1 0 0 0.25636 0.00012207 0.0005408 
0.177368 1 1 1 0.25636 0.00012207 0.0005408 
0.17749 1 0 0 0.255391 0.00012207 0.0005408 
0.177612 1 1 1 0.255391 0.00012207 0.0005408 
0.177734 1 0 0 0.254423 0.00012207 0.0005408 
0.177856 1 0 0 0.254423 0.00012207 0.0005408 
0.177979 1 1 1 0.254423 0.00012207 0.0005408 
0.178101 1 0 0 0.253454 0.00012207 0.0005408 
0.178223 1 0 0 0.253454 0.00012207 0.0005408 
0.178345 1 1 1 0.253454 0.00012207 0.0005408 
0.178467 1 1 1 0.252486 0.00012207 0.0005408 
0.178589 1 0 0 0.251517 0.00012207 0.0005408 
0.178711 1 0 0 0.251517 0.00012207 0.0005408 
0.178833 1 0 0 0.251517 0.00012207 0.0005408 
0.178955 1 0 0 0.251517 0.00012207 0.0005408 
0.179077 1 1 1 0.251517 0.00012207 0.0005408 
0.179199 1 0 0 0.250549 0.00012207 0.0005408 
0.179321 1 1 1 0.250549 0.00012207 0.0005408 
0.179443 1 0 0 0.24958 0.00012207 0.0005408 
0.179565 1 0 0 0.24958 0.00012207 0.0005408 
0.179688 1 1 1 0.247084 0.00012207 0.0005408 
0.17981 1 0 0 0.114502 0.00012207 0.0002516 
0.179932 1 0 0 0.114502 0.00012207 0.0002516 
0.180054 1 0 0 0.114502 0.00012207 0.0002516 
0.180176 1 0 0 0.114502 0.00012207 0.0002516 
0.180298 1 0 0 0.114502 0.00012207 0.0002516 
0.18042 1 0 0 0.114502 0.00012207 0.0002516 
0.180542 1 0 0 0.114502 0.00012207 0.0002516 
0.180664 1 0 0 0.114502 0.00012207 0.0002516 
0.180786 1 1 1 0.114502 0.00012207 0.0002516 
0.180908 1 0 0 0.114052 0.00012207 0.0002516 
0.18103 1 0 0 0.114052 0.00012207 0.0002516 
0.181152 1 0 0 0.114052 0.00012207 0.0002516 
0.181274 1 0 0 0.114052 0.00012207 0.0002516 
0.181396 1 0 0 0.114052 0.00012207 0.0002516 
0.181519 1 0 0 0.114052 0.00012207 0.0002516 
0.181641 1 1 1 0.114052 0.00012207 0.0002516 
0.181763 1 0 0 0.113601 0.00012207 0.0002516 
0.181885 1 0 0 0.113601 0.00012207 0.0002516 
0.182007 1 0 0 0.113601 0.00012207 0.0002516 
0.182129 1 1 1 0.113601 0.00012207 0.0002516 
0.182251 1 0 0 0.11315 0.00012207 0.0002516 
0.182373 1 0 0 0.11315 0.00012207 0.0002516 
0.182495 1 0 0 0.11315 0.00012207 0.0002516 
0.182617 1 0 0 0.11315 0.00012207 0.0002516 
0.182739 1 0 0 0.11315 0.00012207 0.0002516 
0.182861 1 0 0 0.11315 0.00012207 0.0002516 
0.182983 1 1 1 0.11315 0.00012207 0.0002516 
0.183105 1 0 0 0.1127 0.00012207 0.0002516 
0.183228 1 0 0 0.111573 0.00012207 0.0002516 
0.18335 1 0 0 0.111573 0.00012207 0.0002516 
0.183472 1 0 0 0.111573 0.00012207 0.0002516 
0.183594 1 0 0 0.111573 0.00012207 0.0002516 
0.183716 1 0 0 0.111573 0.00012207 0.0002516 
0.183838 1 0 0 0.111573 0.00012207 0.0002516 
0.18396 1 0 0 0.111573 0.00012207 0.0002516 
0.184082 1 0 0 0.111573 0.00012207 0.0002516 
0.184204 1 0 0 0.111573 0.00012207 0.0002516 
0.184326 1 0 0 0.111573 0.00012207 0.0002516 
0.184448 1 0 0 0.111573 0.00012207 0.0002516 
0.18457 1 0 0 0.111573 0.00012207 0.0002516 
0.184692 1 0 0 0.111573 0.00012207 0.0002516 
0.184814 1 0 0 0.111573 0.00012207 0.0002516 
0.184937 1 0 0 0.111573 0.00012207 0.0002516 
0.185059 1 0 0 0.111573 0.00012207 0.0002516 
0.185181 1 1 1 0.111573 0.00012207 0.0002516 
0.185303 1 0 0 0.111122 0.00012207 0.0002516 
0.185425 1 0 0 0.111122 0.00012207 0.0002516 
0.185547 1 0 0 0.111122 0.00012207 0.0002516 
0.185669 1 0 0 0.111122 0.00012207 0.0002516 
0.185791 1 0 0 0.111122 0.00012207 0.0002516 
0.185913 1 0 0 0.111122 0.00012207 0.0002516 
0.186035 1 0 0 0.111122 0.00012207 0.0002516 
0.186157 1 0 0 0.111122 0.00012207 0.0002516 
0.186279 1 0 0 0.111122 0.00012207 0.0002516 
0.186401 1 0 0 0.111122 0.00012207 0.0002516 
0.186523 1 0 0 0.111122 0.00012207 0.0002516 
0.186646 1 0 0 0.111122 0.00012207 0.0002516 
0.186768 1 0 0 0.111122 0.00012207 0.0002516 
0.18689 1 1 1 0.111122 0.00012207 0.0002516 
0.187012 1 0 0 0.110672 0.00012207 0.0002516 
0.187134 1 0 0 0.110672 0.00012207 0.0002516 
0.187256 1 0 0 0.110672 0.00012207 0.0002516 
0.187378 1 1 1 0.110672 0.00012207 0.0002516 
0.1875 1 0 0 0.110221 0.00012207 0.0002516 
0.187622 1 0 0 0.110221 0.00012207 0.0002516 
0.187744 1 0 0 0.110221 0.00012207 0.0002516 
0.187866 1 0 0 0.110221 0.00012207 0.0002516 
0.187988 1 1 1 0.110221 0.00012207 0.0002516 
0.18811 1 0 0 0.109771 0.00012207 0.0002516 
0.188232 1 1 1 0.109771 0.00012207 0.0002516 
0.188354 1 1 1 0.10932 0.00012207 0.0002516 
0.188477 1 1 1 0.108869 0.00012207 0.0002516 
0.188599 1 1 1 0.108419 0.00012207 0.0002516 
0.188721 1 0 0 0.107968 0.00012207 0.0002516 
0.188843 1 0 0 0.107968 0.00012207 0.0002516 
0.188965 1 0 0 0.107968 0.00012207 0.0002516 
0.189087 1 1 1 0.107968 0.00012207 0.0002516 
0.189209 1 0 0 0.107518 0.00012207 0.0002516 
0.189331 1 0 0 0.107518 0.00012207 0.0002516 
0.189453 1 0 0 0.107518 0.00012207 0.0002516 
0.189575 1 0 0 0.107518 0.00012207 0.0002516 
0.189697 1 0 0 0.107518 0.00012207 0.0002516 
0.189819 1 0 0 0.107518 0.00012207 0.0002516 
0.189941 1 0 0 0.107518 0.00012207 0.0002516 
0.190063 1 0 0 0.107518 0.00012207 0.0002516 
0.190186 1 1 1 0.107518 0.00012207 0.0002516 
0.190308 1 0 0 0.107067 0.00012207 0.0002516 
0.19043 1 0 0 0.107067 0.00012207 0.0002516 
0.190552 1 0 0 0.107067 0.00012207 0.0002516 
0.190674 1 0 0 0.107067 0.00012207 0.0002516 
0.190796 1 0 0 0.107067 0.00012207 0.0002516 
0.190918 1 0 0 0.107067 0.00012207 0.0002516 
0.19104 1 0 0 0.107067 0.00012207 0.0002516 
0.191162 1 0 0 0.107067 0.00012207 0.0002516 
0.191284 1 0 0 0.107067 0.00012207 0.0002516 
0.191406 1 0 0 0.107067 0.00012207 0.0002516 
0.191528 1 0 0 0.107067 0.00012207 0.0002516 
0.19165 1 0 0 0.107067 0.00012207 0.0002516 
0.191772 1 0 0 0.107067 0.00012207 0.0002516 
0.191895 1 0 0 0.107067 0.00012207 0.0002516 
0.192017 1 0 0 0.107067 0.00012207 0.0002516 
0.192139 1 0 0 0.107067 0.00012207 0.0002516 
0.192261 1 0 0 0.107067 0.00012207 0.0002516 
0.192383 1 0 0 0.107067 0.00012207 0.0002516 
0.192505 1 0 0 0.107067 0.00012207 0.0002516 
0.192627 1 0 0 0.107067 0.00012207 0.0002516 
0.192749 1 1 1 0.107067 0.00012207 0.0002516 
0.192871 1 0 0 0.106617 0.00012207 0.0002516 
0.192993 1 0 0 0.106617 0.00012207 0.0002516 
0.193115 1 0 0 0.106617 0.00012207 0.0002516 
0.193237 1 0 0 0.106617 0.00012207 0.0002516 
0.193359 1 0 0 0.106617 0.00012207 0.0002516 
0.193481 1 0 0 0.106617 0.00012207 0.0002516 
0.193604 1 0 0 0.106617 0.00012207 0.0002516 
0.193726 1 0 0 0.106617 0.00012207 0.0002516 
0.193848 1 0 0 0.106617 0.00012207 0.0002516 
0.19397 1 0 0 0.106617 0.00012207 0.0002516 
0.194092 1 0 0 0.106617 0.00012207 0.0002516 
0.194214 1 0 0 0.106617 0.00012207 0.0002516 
0.194336 1 0 0 0.106617 0.00012207 0.0002516 
0.194458 1 0 0 0.106617 0.00012207 0.0002516 
0.19458 1 0 0 0.106617 0.00012207 0.0002516 
0.194702 1 0 0 0.106617 0.00012207 0.0002516 
0.194824 1 0 0 0.106617 0.00012207 0.0002516 
0.194946 1 0 0 0.106617 0.00012207 0.0002516 
0.195068 1 0 0 0.106617 0.00012207 0.0002516 
0.19519 1 0 0 0.106617 0.00012207 0.0002516 
0.195312 1 0 0 0.106617 0.00012207 0.0002516 
0.195435 1 0 0 0.106617 0.00012207 0.0002516 
0.195557 1 0 0 0.106617 0.00012207 0.0002516 
0.195679 1 0 0 0.106617 0.00012207 0.0002516 
0.195801 1 0 0 0.106617 0.00012207 0.0002516 
0.195923 1 0 0 0.106617 0.00012207 0.0002516 
0.196045 1 0 0 0.106617 0.00012207 0.0002516 
0.196167 1 1 1 0.106617 0.00012207 0.0002516 
0.196289 1 1 1 0.106166 0.00012207 0.0002516 
0.196411 1 0 0 0.105715 0.00012207 0.0002516 
0.196533 1 0 0 0.105715 0.00012207 0.0002516 
0.196655 1 0 0 0.105715 0.00012207 0.0002516 
0.196777 1 0 0 0.105715 0.00012207 0.0002516 
0.196899 1 0 0 0.105715 0.00012207 0.0002516 
0.197021 1 0 0 0.105715 0.00012207 0.0002516 
0.197144 1 0 0 0.105715 0.00012207 0.0002516 
0.197266 1 0 0 0.105715 0.00012207 0.0002516 
0.197388 1 1 1 0.105715 0.00012207 0.0002516 
0.19751 1 1 1 0.105265 0.00012207 0.0002516 
0.197632 1 0 0 0.104814 0.00012207 0.0002516 
0.197754 1 0 0 0.104814 0.00012207 0.0002516 
0.197876 1 0 0 0.104814 0.00012207 0.0002516 
0.197998 1 0 0 0.104814 0.00012207 0.0002516 
0.19812 1 0 0 0.104814 0.00012207 0.0002516 
0.198242 1 0 0 0.104814 0.00012207 0.0002516 
0.198364 1 0 0 0.104814 0.00012207 0.0002516 
0.198486 1 0 0 0.104814 0.00012207 0.0002516 
0.198608 1 0 0 0.104814 0.00012207 0.0002516 
0.19873 1 0 0 0.104814 0.00012207 0.0002516 
0.198853 1 0 0 0.104814 0.00012207 0.0002516 
0.198975 1 0 0 0.104814 0.00012207 0.0002516 
0.199097 1 1 1 0.104814 0.00012207 0.0002516 
0.199219 1 0 0 0.104364 0.00012207 0.0002516 
0.199341 1 0 0 0.00313398 0.00012207 7.55539e-06 
0.199463 1 0 0 0.00319953 0.00012207 7.71343e-06 
0.199585 1 0 0 0.00326552 0.00012207 7.87251e-06 
0.199707 1 0 0 0.00333192 0.00012207 8.03258e-06 
0.199829 1 0 0 0.00339869 0.00012207 8.19356e-06 
0.199951 1 0 0 0.00346581 0.00012207 8.35537e-06 
0.200073 1 0 0 0.00353324 0.00012207 8.51793e-06 
0.200195 1 0 0 0.00360095 0.00012207 8.68116e-06 
0.200317 1 0 0 0.0036689 0.00012207 8.84499e-06 
0.200439 1 0 0 0.00373707 0.00012207 9.00932e-06 
0.200562 1 0 0 0.00380541 0.00012207 9.17407e-06 
0.200684 1 0 0 0.00387388 0.00012207 9.33914e-06 
0.200806 1 0 0 0.00394245 0.00012207 9.50446e-06 
0.200928 1 0 0 0.00401109 0.00012207 9.66992e-06 
0.20105 1 0 0 0.00407974 0.00012207 9.83543e-06 
0.201172 1 0 0 0.00414837 0.00012207 1.00009e-05 
0.201294 1 0 0 0.00421695 0.00012207 1.01662e-05 
0.201416 1 0 0 0.00428542 0.00012207 1.03313e-05 
0.201538 1 0 0 0.00435376 0.00012207 1.0496e-05 
0.20166 1 0 0 0.0044219 0.00012207 1.06603e-05 
0.201782 1 0 0 0.00448982 0.00012207 1.08241e-05 
0.201904 1 0 0 0.00455747 0.00012207 1.09871e-05 
0.202026 1 0 0 0.00462481 0.00012207 1.11495e-05 
0.202148 1 0 0 0.00469178 0.00012207 1.13109e-05 
0.202271 1 0 0 0.00475835 0.00012207 1.14714e-05 
0.202393 1 0 0 0.00482447 0.00012207 1.16308e-05 
0.202515 1 0 0 0.0048901 0.00012207 1.17891e-05 
0.202637 1 0 0 0.0049552 0.00012207 1.1946e-05 
0.202759 1 0 0 0.0050197 0.00012207 1.21015e-05 
0.202881 1 0 0 0.00508358 0.00012207 1.22555e-05 
0.203003 1 0 0 0.00514679 0.00012207 1.24079e-05 
0.203125 1 0 0 0.00520927 0.00012207 1.25585e-05 
0.203247 1 0 0 0.00527099 0.00012207 1.27073e-05 
0.203369 1 0 0 0.0053319 0.00012207 1.28541e-05 
0.203491 1 0 0 0.00539195 0.00012207 1.29989e-05 
0.203613 1 0 0 0.0054511 0.00012207 1.31415e-05 
0.203735 1 0 0 0.00550931 0.00012207 1.32818e-05 
0.203857 1 0 0 0.00556653 0.00012207 1.34198e-05 
0.203979 1 0 0 0.00562272 0.00012207 1.35552e-05 
0.204102 1 0 0 0.00567783 0.00012207 1.36881e-05 
0.204224 1 0 0 0.00573182 0.00012207 1.38183e-05 
0.204346 1 0 0 0.00578465 0.00012207 1.39456e-05 
0.204468 1 0 0 0.00583628 0.00012207 1.40701e-05 
0.20459 1 0 0 0.00588666 0.00012207 1.41915e-05 
0.204712 1 0 0 0.00593576 0.00012207 1.43099e-05 
0.204834 1 0 0 0.00598354 0.00012207 1.44251e-05 
0.204956 1 0 0 0.00602995 0.00012207 1.4537e-05 
0.205078 1 0 0 0.00607496 0.00012207 1.46455e-05 
0.2052 1 0 0 0.00611854 0.00012207 1.47506e-05 
0.205322 1 0 0 0.00616065 0.00012207 1.48521e-05 
0.205444 1 0 0 0.00620125 0.00012207 1.495e-05 
0.205566 1 0 0 0.00624031 0.00012207 1.50441e-05 
0.205688 1 0 0 0.00627779 0.00012207 1.51345e-05 
0.205811 1 0 0 0.00631367 0.00012207 1.5221e-05 
0.205933 1 0 0 0.00634792 0.00012207 1.53036e-05 
0.206055 1 1 1 0.0063805 0.00012207 1.53821e-05 
0.206177 1 0 0 0.00640771 0.00012207 1.54566e-05 
0.206299 1 0 0 0.00643686 0.00012207 1.55269e-05 
0.206421 1 0 0 0.00646428 0.00012207 1.55931e-05 
0.206543 1 0 0 0.00648993 0.00012207 1.56549e-05 
0.206665 1 0 0 0.0065138 0.00012207 1.57125e-05 
0.206787 1 0 0 0.00653586 0.00012207 1.57657e-05 
0.206909 1 0 0 0.00655609 0.00012207 1.58145e-05 
0.207031 1 0 0 0.00657448 0.00012207 1.58589e-05 
0.207153 1 0 0 0.00659101 0.00012207 1.58987e-05 
0.207275 1 0 0 0.00660566 0.00012207 1.59341e-05 
0.207397 1 0 0 0.00661843 0.00012207 1.59649e-05 
0.20752 1 0 0 0.00662931 0.00012207 1.59911e-05 
0.207642 1 0 0 0.00663827 0.00012207 1.60128e-05 
0.207764 1 0 0 0.00664532 0.00012207 1.60298e-05 
0.207886 1 0 0 0.00665045 0.00012207 1.60421e-05 
0.208008 1 0 0 0.00665366 0.00012207 1.60499e-05 
0.20813 1 0 0 0.00665493 0.00012207 1.60529e-05 
0.208252 1 0 0 0.00665428 0.00012207 1.60514e-05 
0.208374 1 0 0 0.0066517 0.00012207 1.60451e-05 
0.208496 1 0 0 0.00664719 0.00012207 1.60343e-05 
0.208618 1 0 0 0.00664076 0.00012207 1.60187e-05 
0.20874 1 0 0 0.00663241 0.00012207 1.59986e-05 
0.208862 1 0 0 0.00662215 0.00012207 1.59739e-05 
0.208984 1 0 0 0.00660999 0.00012207 1.59445e-05 
0.209106 1 0 0 0.00659594 0.00012207 1.59107e-05 
0.209229 1 0 0 0.00658002 0.00012207 1.58722e-05 
0.209351 1 0 0 0.00656223 0.00012207 1.58293e-05 
0.209473 1 0 0 0.00654259 0.00012207 1.57819e-05 
0.209595 1 0 0 0.00652112 0.00012207 1.57302e-05 
0.209717 1 0 0 0.00649783 0.00012207 1.5674e-05 
0.209839 1 0 0 0.00647275 0.00012207 1.56135e-05 
0.209961 1 1 1 0.0064459 0.00012207 1.55487e-05 
0.210083 1 0 0 0.00641361 0.00012207 1.54797e-05 
0.210205 1 0 0 0.0063833 0.00012207 1.54066e-05 
0.210327 1 0 0 0.0063513 0.00012207 1.53294e-05 
0.210449 1 0 0 0.00631763 0.00012207 1.52481e-05 
0.210571 1 0 0 0.00628231 0.00012207 1.51628e-05 
0.210693 1 0 0 0.00624538 0.00012207 1.50737e-05 
0.210815 1 0 0 0.00620687 0.00012207 1.49808e-05 
0.210938 1 0 0 0.00616681 0.00012207 1.48841e-05 
0.21106 1 0 0 0.00612524 0.00012207 1.47837e-05 
0.211182 1 0 0 0.00608218 0.00012207 1.46798e-05 
0.211304 1 0 0 0.00603767 0.00012207 1.45724e-05 
0.211426 1 0 0 0.00599176 0.00012207 1.44616e-05 
0.211548 1 0 0 0.00594447 0.00012207 1.43474e-05 
0.21167 1 0 0 0.00589585 0.00012207 1.42301e-05 
0.211792 1 0 0 0.00584594 0.00012207 1.41096e-05 
0.211914 1 0 0 0.00579477 0.00012207 1.39861e-05 
0.212036 1 0 0 0.00574238 0.00012207 1.38597e-05 
0.212158 1 0 0 0.00568882 0.00012207 1.37304e-05 
0.21228 1 0 0 0.00563413 0.00012207 1.35984e-05 
0.212402 1 0 0 0.00557835 0.00012207 1.34638e-05 
0.212524 1 0 0 0.00552153 0.00012207 1.33266e-05 
0.212646 1 0 0 0.0054637 0.00012207 1.31871e-05 
0.212769 1 0 0 0.00540491 0.00012207 1.30452e-05 
0.212891 1 0 0 0.00534521 0.00012207 1.29011e-05 
0.213013 1 0 0 0.00528465 0.00012207 1.27549e-05 
0.213135 1 0 0 0.00522326 0.00012207 1.26067e-05 
0.213257 1 0 0 0.00516108 0.00012207 1.24567e-05 
0.213379 1 0 0 0.00509818 0.00012207 1.23049e-05 
0.213501 1 0 0 0.00503459 0.00012207 1.21514e-05 
0.213623 1 0 0 0.00497035 0.00012207 1.19963e-05 
0.213745 1 0 0 0.00490552 0.00012207 1.18398e-05 
0.213867 1 0 0 0.00484013 0.00012207 1.1682e-05 
0.213989 1 0 0 0.00477424 0.00012207 1.1523e-05 
0.214111 1 0 0 0.00470789 0.00012207 1.13628e-05 
0.214233 1 0 0 0.00464111 0.00012207 1.12017e-05 
0.214355 1 0 0 0.00457397 0.00012207 1.10396e-05 
0.214478 1 0 0 0.00450649 0.00012207 1.08768e-05 
0.2146 1 0 0 0.00443874 0.00012207 1.07132e-05 
0.214722 1 0 0 0.00437074 0.00012207 1.05491e-05 
0.214844 1 0 0 0.00430254 0.00012207 1.03845e-05 
0.214966 1 0 0 0.00423418 0.00012207 1.02195e-05 
0.215088 1 0 0 0.00416571 0.00012207 1.00543e-05 
0.21521 1 0 0 0.00409717 0.00012207 9.88884e-06 
0.215332 1 0 0 0.0040286 0.00012207 9.72334e-06 
0.215454 1 0 0 0.00396004 0.00012207 9.55785e-06 
0.215576 1 0 0 0.00389152 0.00012207 9.39248e-06 
0.215698 1 0 0 0.00382309 0.00012207 9.22731e-06 
0.21582 1 0 0 0.00375478 0.00012207 9.06245e-06 
0.215942 1 0 0 0.00368663 0.00012207 8.89798e-06 
0.216064 1 0 0 0.00361869 0.00012207 8.73398e-06 
0.216187 1 0 0 0.00355097 0.00012207 8.57054e-06 
0.216309 1 0 0 0.00348352 0.00012207 8.40776e-06 
0.216431 1 0 0 0.00341638 0.00012207 8.24569e-06 
0.216553 1 0 0 0.00334957 0.00012207 8.08444e-06 
0.216675 1 0 0 0.00328312 0.00012207 7.92407e-06 
0.216797 1 0 0 0.00321708 0.00012207 7.76466e-06 
0.216919 1 0 0 0.00315145 0.00012207 7.60628e-06 
0.217041 1 0 0 0.00308629 0.00012207 7.449e-06 
0.217163 1 0 0 0.00302161 0.00012207 7.29289e-06 
0.217285 1 0 0 0.00295744 0.00012207 7.13801e-06 
0.217407 1 0 0 0.00289381 0.00012207 6.98443e-06 
0.217529 1 0 0 0.00283074 0.00012207 6.83221e-06 
0.217651 1 0 0 0.00276826 0.00012207 6.6814e-06 
0.217773 1 0 0 0.00270638 0.00012207 6.53206e-06 
0.217896 1 0 0 0.00264514 0.00012207 6.38425e-06 
0.218018 1 0 0 0.00258455 0.00012207 6.238e-06 
0.21814 1 0 0 0.00252463 0.00012207 6.09338e-06 
0.218262 1 0 0 0.0024654 0.00012207 5.95042e-06 
0.218384 1 0 0 0.00240687 0.00012207 5.80918e-06 
0.218506 1 0 0 0.00234908 0.00012207 5.66968e-06 
0.218628 1 0 0 0.00229202 0.00012207 5.53197e-06 
0.21875 1 0 0 0.00223572 0.00012207 5.39608e-06 
0.218872 1 0 0 0.00218018 0.00012207 5.26204e-06 
0.218994 1 0 0 0.00212543 0.00012207 5.12989e-06 
0.219116 1 0 0 0.00207147 0.00012207 4.99965e-06 
0.219238 1 0 0 0.00201831 0.00012207 4.87136e-06 
0.21936 1 0 0 0.00196597 0.00012207 4.74502e-06 
0.219482 1 0 0 0.00191445 0.00012207 4.62067e-06 
0.219604 1 0 0 0.00186376 0.00012207 4.49832e-06 
0.219727 1 0 0 0.0018139 0.00012207 4.37799e-06 
0.219849 1 0 0 0.00176489 0.00012207 4.25969e-06 
0.219971 1 0 0 0.00171672 0.00012207 4.14344e-06 
0.220093 1 0 0 0.00166941 0.00012207 4.02925e-06 
0.220215 1 0 0 0.00162295 0.00012207 3.91712e-06 
0.220337 1 0 0 0.00157735 0.00012207 3.80706e-06 
0.220459 1 0 0 0.00153261 0.00012207 3.69907e-06 
0.220581 1 0 0 0.00148873 0.00012207 3.59316e-06 
0.220703 1 0 0 0.00144571 0.00012207 3.48932e-06 
0.220825 1 0 0 0.00140355 0.00012207 3.38756e-06 
0.220947 1 0 0 0.00136224 0.00012207 3.28788e-06 
0.221069 1 0 0 0.0013218 0.00012207 3.19026e-06 
0.221191 1 0 0 0.0012822 0.00012207 3.0947e-06 
0.221313 1 0 0 0.00124346 0.00012207 3.00119e-06 
0.221436 1 0 0 0.00120557 0.00012207 2.90973e-06 
0.221558 1 0 0 0.00116852 0.00012207 2.8203e-06 
0.22168 1 0 0 0.0011323 0.00012207 2.73289e-06 
0.221802 1 0 0 0.00109692 0.00012207 2.64749e-06 
0.221924 1 0 0 0.00106236 0.00012207 2.56408e-06 
0.222046 1 0 0 0.00102861 0.00012207 2.48264e-06 
0.222168 1 0 0 0.000995684 0.00012207 2.40316e-06 
0.22229 1 0 0 0.000963557 0.00012207 2.32562e-06 
0.222412 1 0 0 0.000932225 0.00012207 2.25e-06 
0.222534 1 0 0 0.000901679 0.00012207 2.17627e-06 
0.222656 1 0 0 0.000871912 0.00012207 2.10443e-06 
0.222778 1 0 0 0.000842912 0.00012207 2.03443e-06 
0.2229 1 0 0 0.000814672 0.00012207 1.96627e-06 
0.223022 1 0 0 0.00078718 0.00012207 1.89992e-06 
0.223145 1 0 0 0.000760427 0.00012207 1.83535e-06 
0.223267 1 0 0 0.000734403 0.00012207 1.77254e-06 
0.223389 1 0 0 0.000709095 0.00012207 1.71145e-06 
0.223511 1 0 0 0.000684493 0.00012207 1.65208e-06 
0.223633 1 0 0 0.000660587 0.00012207 1.59438e-06 
0.223755 1 0 0 0.000637364 0.00012207 1.53833e-06 
0.223877 1 0 0 0.000614813 0.00012207 1.4839e-06 
0.223999 1 0 0 0.000592923 0.00012207 1.43106e-06 
0.224121 1 0 0 0.00057168 0.00012207 1.37979e-06 
0.224243 1 0 0 0.000551074 0.00012207 1.33006e-06 
0.224365 1 0 0 0.000531093 0.00012207 1.28183e-06 
0.224487 1 0 0 0.000511723 0.00012207 1.23508e-06 
0.224609 1 0 0 0.000492954 0.00012207 1.18978e-06 
0.224731 1 0 0 0.000474771 0.00012207 1.1459e-06 
0.224854 1 0 0 0.000457165 0.00012207 1.1034e-06 
0.224976 1 0 0 0.000440121 0.00012207 1.06227e-06 
0.225098 1 0 0 0.000423628 0.00012207 1.02246e-06 
0.22522 1 0 0 0.000407673 0.00012207 9.83949e-07 
0.225342 1 0 0 0.000392244 0.00012207 9.46711e-07 
0.225464 1 0 0 0.000377329 0.00012207 9.10712e-07 
0.225586 1 0 0 0.000362915 0.00012207 8.75924e-07 
0.225708 1 0 0 0.000348991 0.00012207 8.42317e-07 
0.22583 1 0 0 0.000335545 0.00012207 8.09863e-07 
0.225952 1 0 0 0.000322563 0.00012207 7.78531e-07 
0.226074 1 0 0 0.000310036 0.00012207 7.48295e-07 
0.226196 1 0 0 0.00029795 0.00012207 7.19125e-07 
0.226318 1 0 0 0.000286294 0.00012207 6.90993e-07 
0.22644 1 0 0 0.000275057 0.00012207 6.63871e-07 
0.226562 1 0 0 0.000264227 0.00012207 6.37732e-07 
0.226685 1 0 0 0.000253793 0.00012207 6.12549e-07 
0.226807 1 0 0 0.000243744 0.00012207 5.88295e-07 
0.226929 1 0 0 0.000234069 0.00012207 5.64943e-07 
0.227051 1 0 0 0.000224757 0.00012207 5.42468e-07 
0.227173 1 0 0 0.000215797 0.00012207 5.20843e-07 
0.227295 1 0 0 0.000207179 0.00012207 5.00043e-07 
0.227417 1 0 0 0.000198893 0.00012207 4.80044e-07 
0.227539 1 0 0 0.000190929 0.00012207 4.60821e-07 
0.227661 1 0 0 0.000183276 0.00012207 4.4235e-07 
0.227783 1 0 0 0.000175924 0.00012207 4.24607e-07 
0.227905 1 0 0 0.000168866 0.00012207 4.0757e-07 
0.228027 1 0 0 0.00016209 0.00012207 3.91216e-07 
0.228149 1 0 0 0.000155587 0.00012207 3.75522e-07 
0.228271 1 0 0 0.00014935 0.00012207 3.60467e-07 
0.228394 1 0 0 0.000143368 0.00012207 3.46029e-07 
0.228516 1 0 0 0.000137633 0.00012207 3.32188e-07 
0.228638 1 0 0 0.000132137 0.00012207 3.18923e-07 
0.22876 1 0 0 0.000126872 0.00012207 3.06215e-07 
0.228882 1 0 0 0.000121829 0.00012207 2.94045e-07 
0.229004 1 0 0 0.000117001 0.00012207 2.82392e-07 
0.229126 1 0 0 0.000112381 0.00012207 2.71239e-07 
0.229248 1 0 0 0.000107959 0.00012207 2.60568e-07 
0.22937 1 0 0 0.000103731 0.00012207 2.50362e-07 
0.229492 1 0 0 9.96871e-05 0.00012207 2.40602e-07 
0.229614 1 0 0 9.58221e-05 0.00012207 2.31274e-07 
0.229736 1 0 0 9.21288e-05 0.00012207 2.2236e-07 
0.229858 1 0 0 8.86008e-05 0.00012207 2.13845e-07 
0.22998 1 0 0 8.52318e-05 0.00012207 2.05714e-07 
0.230103 1 0 0 8.20157e-05 0.00012207 1.97951e-07 
0.230225 1 0 0 7.89464e-05 0.00012207 1.90543e-07 
0.230347 1 0 0 7.60183e-05 0.00012207 1.83476e-07 
0.230469 1 0 0 7.32257e-05 0.00012207 1.76736e-07 
0.230591 1 0 0 7.05632e-05 0.00012207 1.7031e-07 
0.230713 1 0 0 6.80256e-05 0.00012207 1.64185e-07 
0.230835 1 0 0 6.56078e-05 0.00012207 1.58349e-07 
0.230957 1 0 0 6.33048e-05 0.00012207 1.52791e-07 
0.231079 1 0 0 6.1112e-05 0.00012207 1.47499e-07 
0.231201 1 0 0 5.90247e-05 0.00012207 1.42461e-07 
0.231323 1 0 0 5.70384e-05 0.00012207 1.37667e-07 
0.231445 1 0 0 5.5149e-05 0.00012207 1.33106e-07 
0.231567 1 0 0 5.33522e-05 0.00012207 1.2877e-07 
0.231689 1 0 0 5.1644e-05 0.00012207 1.24647e-07 
0.231812 1 0 0 5.00206e-05 0.00012207 1.20729e-07 
0.231934 1 0 0 4.84783e-05 0.00012207 1.17006e-07 
0.232056 1 0 0 4.70134e-05 0.00012207 1.1347e-07 
0.232178 1 0 0 4.56226e-05 0.00012207 1.10114e-07 
0.2323 1 0 0 4.43025e-05 0.00012207 1.06927e-07 
0.232422 1 0 0 4.30499e-05 0.00012207 1.03904e-07 
0.232544 1 0 0 4.18617e-05 0.00012207 1.01036e-07 
0.232666 1 0 0 4.0735e-05 0.00012207 9.8317e-08 
0.232788 1 0 0 3.96669e-05 0.00012207 9.57392e-08 
0.23291 1 0 0 3.86548e-05 0.00012207 9.32962e-08 
0.233032 1 0 0 3.76959e-05 0.00012207 9.09819e-08 
0.233154 1 0 0 3.67877e-05 0.00012207 8.879e-08 
0.233276 1 0 0 3.59279e-05 0.00012207 8.67149e-08 
0.233398 1 0 0 3.51142e-05 0.00012207 8.47508e-08 
0.233643 1 0 0 6.72319e-05 0.000244141 8.11346e-08 
0.233887 1 0 0 6.45526e-05 0.000244141 7.79013e-08 
0.234131 1 0 0 6.216e-05 0.000244141 7.5014e-08 
0.234375 1 0 0 6.00261e-05 0.000244141 7.24388e-08 
0.234619 1 0 0 5.81253e-05 0.000244141 7.01449e-08 
0.234863 1 0 0 5.64342e-05 0.000244141 6.81041e-08 
0.235107 1 0 0 5.49316e-05 0.000244141 6.62908e-08 
0.235352 1 0 0 5.35981e-05 0.000244141 6.46816e-08 
0.235596 1 0 0 5.24162e-05 0.000244141 6.32552e-08 
0.23584 1 0 0 5.13699e-05 0.000244141 6.19926e-08 
0.236084 1 0 0 5.04448e-05 0.000244141 6.08762e-08 
0.236328 1 0 0 4.96279e-05 0.000244141 5.98904e-08 
0.236572 1 0 0 4.89075e-05 0.000244141 5.9021e-08 
0.236816 1 0 0 4.82729e-05 0.000244141 5.82552e-08 
0.237061 1 0 0 4.77146e-05 0.000244141 5.75814e-08 
0.237305 1 0 0 4.7224e-05 0.000244141 5.69894e-08 
0.237549 1 0 0 4.67935e-05 0.000244141 5.64698e-08 
0.237793 1 0 0 4.64161e-05 0.000244141 5.60144e-08 
0.238037 1 0 0 4.60857e-05 0.000244141 5.56157e-08 
0.238281 1 0 0 4.57969e-05 0.000244141 5.52672e-08 
0.238525 1 0 0 4.55446e-05 0.000244141 5.49627e-08 
0.23877 1 0 0 4.53246e-05 0.000244141 5.46972e-08 
0.239014 1 0 0 4.51329e-05 0.000244141 5.44659e-08 
0.239258 1 0 0 4.49662e-05 0.000244141 5.42647e-08 
0.239502 1 0 0 4.48212e-05 0.000244141 5.40898e-08 
0.239746 1 0 0 4.46955e-05 0.000244141 5.3938e-08 
0.23999 1 0 0 4.45864e-05 0.000244141 5.38064e-08 
0.240234 1 0 0 4.4492e-05 0.000244141 5.36924e-08 
0.240479 1 0 0 4.44104e-05 0.000244141 5.35939e-08 
0.240723 1 0 0 4.43398e-05 0.000244141 5.35088e-08 
0.240967 1 0 0 4.4279e-05 0.000244141 5.34354e-08 
0.241211 1 0 0 4.42266e-05 0.000244141 5.33721e-08 
0.241455 1 0 0 4.41815e-05 0.000244141 5.33177e-08 
0.241699 1 0 0 4.41427e-05 0.000244141 5.32709e-08 
0.241943 1 0 0 4.41094e-05 0.000244141 5.32307e-08 
0.242188 1 0 0 4.40809e-05 0.000244141 5.31963e-08 
0.242432 1 0 0 4.40564e-05 0.000244141 5.31668e-08 
0.242676 1 0 0 4.40355e-05 0.000244141 5.31416e-08 
0.24292 1 0 0 4.40177e-05 0.000244141 5.312e-08 
0.243164 1 0 0 4.40024e-05 0.000244141 5.31016e-08 
0.243408 1 0 0 4.39895e-05 0.000244141 5.3086e-08 
0.243652 1 0 0 4.39784e-05 0.000244141 5.30726e-08 
0.243896 1 0 0 4.3969e-05 0.000244141 5.30613e-08 
0.244141 1 0 0 4.3961e-05 0.000244141 5.30517e-08 
0.245117 1 0 0 0.000175758 0.000976562 5.30258e-08 
0.246094 1 0 0 0.000175715 0.000976562 5.30126e-08 
0.24707 1 0 0 0.000175693 0.000976562 5.30061e-08 
0.248047 1 0 0 0.000175682 0.000976562 5.30029e-08 
0.249023 1 0 0 0.000175677 0.000976562 5.30013e-08 
0.25 1 0 0 0.000175675 0.000976562 5.30006e-08 
0.250977 1 0 0 0.000175674 0.000976562 5.30003e-08 
0.251953 1 0 0 0.000175673 0.000976562 5.30001e-08 
0.25293 1 0 0 0.000175673 0.000976562 5.30001e-08 
0.253418 1 0 0 8.78365e-05 0.000488281 5.3e-08 
0.253906 1 0 0 8.78365e-05 0.000488281 5.3e-08 
0.254395 1 0 0 8.78365e-05 0.000488281 5.3e-08 
0.254883 1 0 0 8.78364e-05 0.000488281 5.3e-08 
0.255371 1 0 0 8.78364e-05 0.000488281 5.3e-08 
0.255859 1 0 0 8.78364e-05 0.000488281 5.3e-08 
0.256348 1 0 0 8.78364e-05 0.000488281 5.3e-08 
0.256836 1 0 0 8.78364e-05 0.000488281 5.3e-08 
0.257812 1 0 0 0.000175673 0.000976562 5.3e-08 
0.258789 1 0 0 0.000175673 0.000976562 5.3e-08 
0.259277 1 0 0 8.78364e-05 0.000488281 5.3e-08 
0.259766 1 0 0 8.78364e-05 0.000488281 5.3e-08 
0.260254 1 0 0 8.78364e-05 0.000488281 5.3e-08 
0.260742 1 0 0 8.78364e-05 0.000488281 5.3e-08 
0.26123 1 0 0 8.78364e-05 0.000488281 5.3e-08 
0.261719 1 0 0 8.78364e-05 0.000488281 5.3e-08 
0.262207 1 0 0 8.78364e-05 0.000488281 5.3e-08 
0.262695 1 0 0 8.78364e-05 0.000488281 5.3e-08 
0.263184 1 0 0 8.78364e-05 0.000488281 5.3e-08 
0.263672 1 0 0 8.78364e-05 0.000488281 5.3e-08 
0.26416 1 0 0 8.78364e-05 0.000488281 5.3e-08 
0.264648 1 0 0 8.78364e-05 0.000488281 5.3e-08 
0.265137 1 0 0 8.78364e-05 0.000488281 5.3e-08 
0.265625 1 0 0 8.78364e-05 0.000488281 5.3e-08 
0.266113 1 0 0 8.78364e-05 0.000488281 5.3e-08 
0.266602 1 0 0 8.78364e-05 0.000488281 5.3e-08 
0.26709 1 0 0 8.78364e-05 0.000488281 5.3e-08 
0.267578 1 0 0 8.78364e-05 0.000488281 5.3e-08 
0.268066 1 0 0 8.78364e-05 0.000488281 5.3e-08 
0.268555 1 0 0 8.78364e-05 0.000488281 5.3e-08 
0.269043 1 0 0 8.78364e-05 0.000488281 5.3e-08 
0.269531 1 0 0 8.78364e-05 0.000488281 5.3e-08 
0.27002 1 0 0 8.78364e-05 0.000488281 5.3e-08 
0.270508 1 0 0 8.78364e-05 0.000488281 5.3e-08 
0.270996 1 0 0 8.78364e-05 0.000488281 5.3e-08 
0.271484 1 0 0 8.78364e-05 0.000488281 5.3e-08 
0.271973 1 0 0 8.78364e-05 0.000488281 5.3e-08 
0.272461 1 0 0 8.78364e-05 0.000488281 5.3e-08 
0.272949 1 0 0 8.78364e-05 0.000488281 5.3e-08 
0.273438 1 0 0 8.78364e-05 0.000488281 5.3e-08 
0.273926 1 0 0 8.78364e-05 0.000488281 5.3e-08 
0.274414 1 0 0 8.78364e-05 0.000488281 5.3e-08 
0.274902 1 0 0 8.78364e-05 0.000488281 5.3e-08 
0.275391 1 0 0 8.78364e-05 0.000488281 5.3e-08 
0.275879 1 0 0 8.78364e-05 0.000488281 5.3e-08 
0.276367 1 0 0 8.78364e-05 0.000488281 5.3e-08 
0.276855 1 0 0 8.78364e-05 0.000488281 5.3e-08 
0.277344 1 0 0 8.78364e-05 0.000488281 5.3e-08 
0.277832 1 0 0 8.78364e-05 0.000488281 5.3e-08 
0.27832 1 0 0 8.78364e-05 0.000488281 5.3e-08 
0.278809 1 0 0 8.78364e-05 0.000488281 5.3e-08 
0.279297 1 0 0 8.78364e-05 0.000488281 5.3e-08 
0.279785 1 0 0 8.78364e-05 0.000488281 5.3e-08 
0.280273 1 0 0 8.78364e-05 0.000488281 5.3e-08 
0.280762 1 0 0 8.78364e-05 0.000488281 5.3e-08 
0.28125 1 0 0 8.78364e-05 0.000488281 5.3e-08 
0.281738 1 0 0 8.78364e-05 0.000488281 5.3e-08 
0.282227 1 0 0 8.78364e-05 0.000488281 5.3e-08 
0.283203 1 0 0 0.000175673 0.000976562 5.3e-08 
0.28418 1 0 0 0.000175673 0.000976562 5.3e-08 
0.285156 1 0 0 0.000175673 0.000976562 5.3e-08 
0.286133 1 0 0 0.000175673 0.000976562 5.3e-08 
0.287109 1 0 0 0.000175673 0.000976562 5.3e-08 
0.288086 1 0 0 0.000175673 0.000976562 5.3e-08 
0.289062 1 0 0 0.000175673 0.000976562 5.3e-08 
0.290039 1 0 0 0.000175673 0.000976562 5.3e-08 
0.291016 1 0 0 0.000175673 0.000976562 5.3e-08 
0.291992 1 0 0 0.000175673 0.000976562 5.3e-08 
0.292969 1 0 0 0.000175673 0.000976562 5.3e-08 
0.294922 1 0 0 0.000351346 0.00195312 5.3e-08 
0.295898 1 0 0 0.000175673 0.000976562 5.3e-08 
0.296875 1 0 0 0.000175673 0.000976562 5.3e-08 
0.297852 1 0 0 0.000175673 0.000976562 5.3e-08 
0.298828 1 0 0 0.000175673 0.000976562 5.3e-08 
0.299805 1 0 0 0.000175673 0.000976562 5.3e-08 
0.300781 1 0 0 0.000175673 0.000976562 5.3e-08 
0.301758 1 0 0 0.000175673 0.000976562 5.3e-08 
0.302734 1 0 0 0.000175673 0.000976562 5.3e-08 
0.303711 1 0 0 0.000175673 0.000976562 5.3e-08 
0.304688 1 0 0 0.000175673 0.000976562 5.3e-08 
0.305176 1 0 0 8.78364e-05 0.000488281 5.3e-08 
0.305664 1 0 0 8.78364e-05 0.000488281 5.3e-08 
0.306641 1 0 0 0.000175673 0.000976562 5.3e-08 
0.307617 1 0 0 0.000175673 0.000976562 5.3e-08 
0.308594 1 0 0 0.000175673 0.000976562 5.3e-08 
0.30957 1 0 0 0.000175673 0.000976562 5.3e-08 
0.310547 1 0 0 0.000175673 0.000976562 5.3e-08 
0.311523 1 0 0 0.000175673 0.000976562 5.3e-08 
0.3125 1 0 0 0.000175673 0.000976562 5.3e-08 
0.313477 1 0 0 0.000175673 0.000976562 5.3e-08 
0.314453 1 0 0 0.000175673 0.000976562 5.3e-08 
0.31543 1 0 0 0.000175673 0.000976562 5.3e-08 
0.316406 1 0 0 0.000175673 0.000976562 5.3e-08 
0.317383 1 0 0 0.000175673 0.000976562 5.3e-08 
0.318359 1 0 0 0.000175673 0.000976562 5.3e-08 
0.319336 1 0 0 0.000175673 0.000976562 5.3e-08 
0.320312 1 0 0 0.000175673 0.000976562 5.3e-08 
0.321289 1 0 0 0.000175673 0.000976562 5.3e-08 
0.322266 1 0 0 0.000175673 0.000976562 5.3e-08 
0.323242 1 0 0 0.000175673 0.000976562 5.3e-08 
0.324219 1 0 0 0.000175673 0.000976562 5.3e-08 
0.325195 1 0 0 0.000175673 0.000976562 5.3e-08 
0.326172 1 0 0 0.000175673 0.000976562 5.3e-08 
0.327148 1 0 0 0.000175673 0.000976562 5.3e-08 
0.328125 1 0 0 0.000173916 0.000976562 5.3e-08 
0.329102 1 0 0 0.000173916 0.000976562 5.3e-08 
0.330078 1 0 0 0.000173916 0.000976562 5.3e-08 
0.331055 1 0 0 0.000173916 0.000976562 5.3e-08 
0.332031 1 0 0 0.000173916 0.000976562 5.3e-08 
0.333008 1 0 0 0.000173916 0.000976562 5.3e-08 
0.333984 1 0 0 0.000173916 0.000976562 5.3e-08 
0.334961 1 0 0 0.000173916 0.000976562 5.3e-08 
0.335938 1 0 0 0.000173916 0.000976562 5.3e-08 
0.336914 1 0 0 0.000173916 0.000976562 5.3e-08 
0.337891 1 0 0 0.000173916 0.000976562 5.3e-08 
0.338867 1 0 0 0.000173916 0.000976562 5.3e-08 
0.339844 1 0 0 0.000173916 0.000976562 5.3e-08 
0.34082 1 0 0 0.000173916 0.000976562 5.3e-08 
0.341797 1 0 0 0.000173916 0.000976562 5.3e-08 
0.342773 1 0 0 0.000173916 0.000976562 5.3e-08 
0.34375 1 0 0 0.000173916 0.000976562 5.3e-08 
0.344727 1 0 0 0.000172177 0.000976562 5.3e-08 
0.345703 1 0 0 0.000172177 0.000976562 5.3e-08 
0.34668 1 0 0 0.000172177 0.000976562 5.3e-08 
0.347656 1 0 0 0.000172177 0.000976562 5.3e-08 
0.348633 1 0 0 0.000172177 0.000976562 5.3e-08 
0.349609 1 0 0 0.000172177 0.000976562 5.3e-08 
0.350586 1 0 0 0.000172177 0.000976562 5.3e-08 
0.351562 1 0 0 0.000172177 0.000976562 5.3e-08 
0.353516 1 0 0 0.000344354 0.00195312 5.3e-08 
0.355469 1 0 0 0.000344354 0.00195312 5.3e-08 
0.357422 1 0 0 0.000344354 0.00195312 5.3e-08 
0.359375 1 0 0 0.000344354 0.00195312 5.3e-08 
0.361328 1 0 0 0.000344354 0.00195312 5.3e-08 
0.363281 1 0 0 0.000344354 0.00195312 5.3e-08 
0.365234 1 0 0 0.000344354 0.00195312 5.3e-08 
0.367188 1 0 0 0.000344354 0.00195312 5.3e-08 
0.369141 1 0 0 0.000344354 0.00195312 5.3e-08 
0.371094 1 0 0 0.000344354 0.00195312 5.3e-08 
0.373047 1 0 0 0.000344354 0.00195312 5.3e-08 
0.375 1 0 0 0.000344354 0.00195312 5.3e-08 
0.376953 1 0 0 0.000344354 0.00195312 5.3e-08 
0.378906 1 0 0 0.000344354 0.00195312 5.3e-08 
0.380859 1 0 0 0.000344354 0.00195312 5.3e-08 
0.382812 1 0 0 0.000344354 0.00195312 5.3e-08 
0.384766 1 0 0 0.000344354 0.00195312 5.3e-08 
0.386719 1 0 0 0.000344354 0.00195312 5.3e-08 
0.388672 1 0 0 0.000344354 0.00195312 5.3e-08 
0.390625 1 0 0 0.000344354 0.00195312 5.3e-08 
0.392578 1 0 0 0.000344354 0.00195312 5.3e-08 
0.394531 1 0 0 0.000344354 0.00195312 5.3e-08 
0.396484 1 0 0 0.000344354 0.00195312 5.3e-08 
0.398438 1 0 0 0.000344354 0.00195312 5.3e-08 
0.400391 1 0 0 0.000344354 0.00195312 5.3e-08 
0.402344 1 0 0 0.000344354 0.00195312 5.3e-08 
0.404297 1 0 0 0.000344354 0.00195312 5.3e-08 
0.40625 1 0 0 0.000344354 0.00195312 5.3e-08 
0.407227 1 0 0 0.000172177 0.000976562 5.3e-08 
0.408203 1 0 0 0.000172177 0.000976562 5.3e-08 
0.40918 1 0 0 0.000172177 0.000976562 5.3e-08 
0.410156 1 0 0 0.000172177 0.000976562 5.3e-08 
0.411133 1 0 0 0.000172177 0.000976562 5.3e-08 
0.412109 1 0 0 0.000172177 0.000976562 5.3e-08 
0.413086 1 0 0 0.000172177 0.000976562 5.3e-08 
0.414062 1 0 0 0.000172177 0.000976562 5.3e-08 
0.415039 1 0 0 0.000172177 0.000976562 5.3e-08 
0.416016 1 0 0 0.000172177 0.000976562 5.3e-08 
0.416992 1 0 0 0.000172177 0.000976562 5.3e-08 
0.417969 1 0 0 0.000172177 0.000976562 5.3e-08 
0.418945 1 0 0 0.000172177 0.000976562 5.3e-08 
0.419922 1 0 0 0.000172177 0.000976562 5.3e-08 
0.420898 1 0 0 0.000172177 0.000976562 5.3e-08 
0.421875 1 0 0 0.000172177 0.000976562 5.3e-08 
0.422852 1 0 0 0.000172177 0.000976562 5.3e-08 
0.423828 1 0 0 0.000172177 0.000976562 5.3e-08 
0.424805 1 0 0 0.000172177 0.000976562 5.3e-08 
0.425781 1 0 0 0.000172177 0.000976562 5.3e-08 
0.426758 1 0 0 0.000172177 0.000976562 5.3e-08 
0.427734 1 0 0 0.000172177 0.000976562 5.3e-08 
0.428711 1 0 0 0.000172177 0.000976562 5.3e-08 
0.429688 1 0 0 0.000172177 0.000976562 5.3e-08 
0.430664 1 0 0 0.000172177 0.000976562 5.3e-08 
0.431641 1 0 0 0.000172177 0.000976562 5.3e-08 
0.432617 1 0 0 0.000172177 0.000976562 5.3e-08 
0.433594 1 0 0 0.000172177 0.000976562 5.3e-08 
0.43457 1 0 0 0.000172177 0.000976562 5.3e-08 
0.435547 1 0 0 0.000172177 0.000976562 5.3e-08 
0.436523 1 0 0 0.000172177 0.000976562 5.3e-08 
0.4375 1 0 0 0.000172177 0.000976562 5.3e-08 
0.438477 1 0 0 0.000172177 0.000976562 5.3e-08 
0.439453 1 0 0 0.000172177 0.000976562 5.3e-08 
0.439941 1 0 0 8.60885e-05 0.000488281 5.3e-08 
0.44043 1 0 0 8.60885e-05 0.000488281 5.3e-08 
0.441406 1 0 0 0.000172177 0.000976562 5.3e-08 
0.442383 1 0 0 0.000172177 0.000976562 5.3e-08 
0.443359 1 0 0 0.000172177 0.000976562 5.3e-08 
0.445312 1 0 0 0.000344354 0.00195312 5.3e-08 
0.447266 1 0 0 0.000344354 0.00195312 5.3e-08 
0.449219 1 0 0 0.000344354 0.00195312 5.3e-08 
0.451172 1 0 0 0.000344354 0.00195312 5.3e-08 
0.452148 1 0 0 0.000172177 0.000976562 5.3e-08 
0.453125 1 0 0 0.000172177 0.000976562 5.3e-08 
0.454102 1 0 0 0.000172177 0.000976562 5.3e-08 
0.455078 1 0 0 0.000172177 0.000976562 5.3e-08 
0.456055 1 0 0 0.000172177 0.000976562 5.3e-08 
0.457031 1 0 0 0.000172177 0.000976562 5.3e-08 
0.458008 1 0 0 0.000172177 0.000976562 5.3e-08 
0.458984 1 0 0 0.000172177 0.000976562 5.3e-08 
0.459961 1 0 0 0.000172177 0.000976562 5.3e-08 
0.460938 1 0 0 0.000172177 0.000976562 5.3e-08 
0.461914 1 0 0 0.000172177 0.000976562 5.3e-08 
0.462891 1 0 0 0.000172177 0.000976562 5.3e-08 
0.463867 1 0 0 0.000172177 0.000976562 5.3e-08 
0.464844 1 0 0 0.000172177 0.000976562 5.3e-08 
0.46582 1 0 0 0.000172177 0.000976562 5.3e-08 
0.466797 1 0 0 0.000172177 0.000976562 5.3e-08 
0.467773 1 0 0 0.000172177 0.000976562 5.3e-08 
0.46875 1 0 0 0.000172177 0.000976562 5.3e-08 
0.469727 1 0 0 0.000172177 0.000976562 5.3e-08 
0.470703 1 0 0 0.000172177 0.000976562 5.3e-08 
0.47168 1 0 0 0.000172177 0.000976562 5.3e-08 
0.472656 1 0 0 0.000172177 0.000976562 5.3e-08 
0.473633 1 0 0 0.000172177 0.000976562 5.3e-08 
0.474609 1 0 0 0.000172177 0.000976562 5.3e-08 
0.475586 1 0 0 0.000172177 0.000976562 5.3e-08 
0.476562 1 0 0 0.000172177 0.000976562 5.3e-08 
0.477539 1 0 0 0.000172177 0.000976562 5.3e-08 
0.478516 1 0 0 0.000172177 0.000976562 5.3e-08 
0.479492 1 0 0 0.000172177 0.000976562 5.3e-08 
0.480469 1 0 0 0.000172177 0.000976562 5.3e-08 
0.481445 1 0 0 0.000172177 0.000976562 5.3e-08 
0.482422 1 0 0 0.000172177 0.000976562 5.3e-08 
0.483398 1 0 0 0.000172177 0.000976562 5.3e-08 
0.484375 1 0 0 0.000172177 0.000976562 5.3e-08 
0.485352 1 0 0 0.000172177 0.000976562 5.3e-08 
0.486328 1 0 0 0.000172177 0.000976562 5.3e-08 
0.487305 1 0 0 0.000172177 0.000976562 5.3e-08 
0.488281 1 0 0 0.000172177 0.000976562 5.3e-08 
0.489258 1 0 0 0.000172177 0.000976562 5.3e-08 
0.490234 1 0 0 0.000172177 0.000976562 5.3e-08 
0.491211 1 0 0 0.000172177 0.000976562 5.3e-08 
0.492188 1 0 0 0.000172177 0.000976562 5.3e-08 
0.493164 1 0 0 0.000172177 0.000976562 5.3e-08 
0.494141 1 0 0 0.000172177 0.000976562 5.3e-08 
0.495117 1 0 0 0.000172177 0.000976562 5.3e-08 
0.496094 1 0 0 0.000172177 0.000976562 5.3e-08 
0.49707 1 0 0 0.000172177 0.000976562 5.3e-08 
0.498047 1 0 0 0.000172177 0.000976562 5.3e-08 
0.499023 1 0 0 0.000172177 0.000976562 5.3e-08 
0.5 1 0 0 0.000172177 0.000976562 5.3e-08 
0.500977 1 0 0 0.000172177 0.000976562 5.3e-08 
0.501953 1 0 0 0.000172177 0.000976562 5.3e-08 
0.50293 1 0 0 0.000172177 0.000976562 5.3e-08 
0.503906 1 0 0 0.000172177 0.000976562 5.3e-08 
0.504883 1 0 0 0.000172177 0.000976562 5.3e-08 
0.505859 1 0 0 0.000172177 0.000976562 5.3e-08 
0.506836 1 0 0 0.000172177 0.000976562 5.3e-08 
0.507812 1 0 0 0.000172177 0.000976562 5.3e-08 
0.508789 1 0 0 0.000172177 0.000976562 5.3e-08 
0.509766 1 0 0 0.000172177 0.000976562 5.3e-08 
0.510742 1 0 0 0.000172177 0.000976562 5.3e-08 
0.511719 1 0 0 0.000172177 0.000976562 5.3e-08 
0.512695 1 0 0 0.000172177 0.000976562 5.3e-08 
0.513672 1 0 0 0.000172177 0.000976562 5.3e-08 
0.514648 1 0 0 0.000172177 0.000976562 5.3e-08 
0.515625 1 0 0 0.000170455 0.000976562 5.3e-08 
0.516602 1 0 0 0.000170455 0.000976562 5.3e-08 
0.517578 1 0 0 0.000170455 0.000976562 5.3e-08 
0.518555 1 0 0 0.000170455 0.000976562 5.3e-08 
0.519531 1 0 0 0.000170455 0.000976562 5.3e-08 
0.520508 1 0 0 0.000170455 0.000976562 5.3e-08 
0.521484 1 0 0 0.000170455 0.000976562 5.3e-08 
0.522461 1 0 0 0.000170455 0.000976562 5.3e-08 
0.523438 1 0 0 0.000170455 0.000976562 5.3e-08 
0.524414 1 0 0 0.000170455 0.000976562 5.3e-08 
0.525391 1 0 0 0.000170455 0.000976562 5.3e-08 
0.526367 1 0 0 0.000170455 0.000976562 5.3e-08 
0.527344 1 0 0 0.000170455 0.000976562 5.3e-08 
0.52832 1 0 0 0.000170455 0.000976562 5.3e-08 
0.529297 1 0 0 0.000170455 0.000976562 5.3e-08 
0.530273 1 0 0 0.000170455 0.000976562 5.3e-08 
0.53125 1 0 0 0.000170455 0.000976562 5.3e-08 
0.532227 1 0 0 0.000170455 0.000976562 5.3e-08 
0.533203 1 0 0 0.000170455 0.000976562 5.3e-08 
0.53418 1 0 0 0.000170455 0.000976562 5.3e-08 
0.535156 1 0 0 0.000170455 0.000976562 5.3e-08 
0.536133 1 0 0 0.000170455 0.000976562 5.3e-08 
0.537109 1 0 0 0.000170455 0.000976562 5.3e-08 
0.538086 1 0 0 0.000170455 0.000976562 5.3e-08 
0.539062 1 0 0 0.000170455 0.000976562 5.3e-08 
0.540039 1 0 0 0.000170455 0.000976562 5.3e-08 
0.541016 1 0 0 0.000170455 0.000976562 5.3e-08 
0.541992 1 0 0 0.000170455 0.000976562 5.3e-08 
0.542969 1 0 0 0.000170455 0.000976562 5.3e-08 
0.543945 1 0 0 0.000170455 0.000976562 5.3e-08 
0.544922 1 0 0 0.000170455 0.000976562 5.3e-08 
0.545898 1 0 0 0.000170455 0.000976562 5.3e-08 
0.546875 1 0 0 0.000170455 0.000976562 5.3e-08 
0.547852 1 0 0 0.000170455 0.000976562 5.3e-08 
0.548828 1 0 0 0.000170455 0.000976562 5.3e-08 
0.549805 1 0 0 0.000170455 0.000976562 5.3e-08 
0.550781 1 0 0 0.000170455 0.000976562 5.3e-08 
0.551758 1 0 0 0.000170455 0.000976562 5.3e-08 
0.552734 1 0 0 0.000170455 0.000976562 5.3e-08 
0.553711 1 0 0 0.000170455 0.000976562 5.3e-08 
0.554688 1 0 0 0.000170455 0.000976562 5.3e-08 
0.555664 1 0 0 0.000170455 0.000976562 5.3e-08 
0.556641 1 0 0 0.000170455 0.000976562 5.3e-08 
0.557617 1 0 0 0.000170455 0.000976562 5.3e-08 
0.558594 1 0 0 0.000170455 0.000976562 5.3e-08 
0.55957 1 0 0 0.000170455 0.000976562 5.3e-08 
0.560547 1 0 0 0.000170455 0.000976562 5.3e-08 
0.561523 1 0 0 0.000170455 0.000976562 5.3e-08 
0.5625 1 0 0 0.000170455 0.000976562 5.3e-08 
0.563477 1 0 0 0.000170455 0.000976562 5.3e-08 
0.564453 1 0 0 0.000170455 0.000976562 5.3e-08 
0.56543 1 0 0 0.000170455 0.000976562 5.3e-08 
0.566406 1 0 0 0.000170455 0.000976562 5.3e-08 
0.567383 1 0 0 0.000170455 0.000976562 5.3e-08 
0.568359 1 0 0 0.000170455 0.000976562 5.3e-08 
0.570312 1 0 0 0.00034091 0.00195312 5.3e-08 
0.572266 1 0 0 0.00034091 0.00195312 5.3e-08 
0.574219 1 0 0 0.00034091 0.00195312 5.3e-08 
0.575195 1 0 0 0.000170455 0.000976562 5.3e-08 
0.576172 1 0 0 0.000170455 0.000976562 5.3e-08 
0.577148 1 0 0 0.000170455 0.000976562 5.3e-08 
0.578125 1 0 0 0.000170455 0.000976562 5.3e-08 
0.579102 1 0 0 0.000170455 0.000976562 5.3e-08 
0.580078 1 0 0 0.000170455 0.000976562 5.3e-08 
0.581055 1 0 0 0.000170455 0.000976562 5.3e-08 
0.582031 1 0 0 0.000170455 0.000976562 5.3e-08 
0.58252 1 0 0 8.52276e-05 0.000488281 5.3e-08 
0.583008 1 0 0 8.52276e-05 0.000488281 5.3e-08 
0.583496 1 0 0 8.52276e-05 0.000488281 5.3e-08 
0.583984 1 0 0 8.52276e-05 0.000488281 5.3e-08 
0.584473 1 0 0 8.52276e-05 0.000488281 5.3e-08 
0.584961 1 0 0 8.52276e-05 0.000488281 5.3e-08 
0.585938 1 0 0 0.000170455 0.000976562 5.3e-08 
0.587891 1 0 0 0.00034091 0.00195312 5.3e-08 
0.588867 1 0 0 0.000170455 0.000976562 5.3e-08 
0.589355 1 0 0 8.52276e-05 0.000488281 5.3e-08 
0.589844 1 0 0 8.52276e-05 0.000488281 5.3e-08 
0.590332 1 0 0 8.52276e-05 0.000488281 5.3e-08 
0.59082 1 0 0 8.52276e-05 0.000488281 5.3e-08 
0.591309 1 0 0 8.52276e-05 0.000488281 5.3e-08 
0.591797 1 0 0 8.52276e-05 0.000488281 5.3e-08 
0.592285 1 0 0 8.52276e-05 0.000488281 5.3e-08 
0.592773 1 0 0 8.52276e-05 0.000488281 5.3e-08 
0.59375 1 0 0 0.000170455 0.000976562 5.3e-08 
0.594727 1 0 0 0.000170455 0.000976562 5.3e-08 
0.595703 1 0 0 0.000170455 0.000976562 5.3e-08 
0.59668 1 0 0 0.000170455 0.000976562 5.3e-08 
0.597656 1 0 0 0.000170455 0.000976562 5.3e-08 
0.599609 1 0 0 0.00034091 0.00195312 5.3e-08 
0.600098 1 0 0 8.52276e-05 0.000488281 5.3e-08 
0.600586 1 0 0 8.52276e-05 0.000488281 5.3e-08 
0.601074 1 0 0 8.52276e-05 0.000488281 5.3e-08 
0.601562 1 0 0 8.52276e-05 0.000488281 5.3e-08 
0.602051 1 0 0 8.52276e-05 0.000488281 5.3e-08 
0.602539 1 0 0 8.52276e-05 0.000488281 5.3e-08 
0.603027 1 0 0 8.52276e-05 0.000488281 5.3e-08 
0.603516 1 0 0 8.52276e-05 0.000488281 5.3e-08 
0.604004 1 0 0 8.52276e-05 0.000488281 5.3e-08 
0.604492 1 0 0 8.52276e-05 0.000488281 5.3e-08 
0.605469 1 0 0 0.000170455 0.000976562 5.3e-08 
0.606445 1 0 0 0.000170455 0.000976562 5.3e-08 
0.607422 1 0 0 0.000170455 0.000976562 5.3e-08 
0.608398 1 0 0 0.000170455 0.000976562 5.3e-08 
0.609375 1 0 0 0.000170455 0.000976562 5.3e-08 
0.610352 1 0 0 0.000168751 0.000976562 5.3e-08 
0.611328 1 0 0 0.000168751 0.000976562 5.3e-08 
0.612305 1 0 0 0.000168751 0.000976562 5.3e-08 
0.613281 1 0 0 0.000168751 0.000976562 5.3e-08 
0.614258 1 0 0 0.000168751 0.000976562 5.3e-08 
0.615234 1 0 0 0.000168751 0.000976562 5.3e-08 
0.616211 1 0 0 0.000168751 0.000976562 5.3e-08 
0.617188 1 0 0 0.000168751 0.000976562 5.3e-08 
0.618164 1 0 0 0.000168751 0.000976562 5.3e-08 
0.619141 1 0 0 0.000168751 0.000976562 5.3e-08 
0.620117 1 0 0 0.000168751 0.000976562 5.3e-08 
0.621094 1 0 0 0.000168751 0.000976562 5.3e-08 
0.62207 1 0 0 0.000168751 0.000976562 5.3e-08 
0.623047 1 0 0 0.000168751 0.000976562 5.3e-08 
0.624023 1 0 0 0.000168751 0.000976562 5.3e-08 
0.625 1 0 0 0.000168751 0.000976562 5.3e-08 
0.626953 1 0 0 0.000337501 0.00195312 5.3e-08 
0.628906 1 0 0 0.000337501 0.00195312 5.3e-08 
0.629883 1 0 0 0.000168751 0.000976562 5.3e-08 
0.630859 1 0 0 0.000168751 0.000976562 5.3e-08 
0.631836 1 0 0 0.000168751 0.000976562 5.3e-08 
0.632812 1 0 0 0.000168751 0.000976562 5.3e-08 
0.633789 1 0 0 0.000168751 0.000976562 5.3e-08 
0.634766 1 0 0 0.000168751 0.000976562 5.3e-08 
0.635742 1 0 0 0.000168751 0.000976562 5.3e-08 
0.636719 1 0 0 0.000168751 0.000976562 5.3e-08 
0.637695 1 0 0 0.000168751 0.000976562 5.3e-08 
0.638672 1 0 0 0.000168751 0.000976562 5.3e-08 
0.639648 1 0 0 0.000168751 0.000976562 5.3e-08 
0.640625 1 0 0 0.000168751 0.000976562 5.3e-08 
0.641602 1 0 0 0.000168751 0.000976562 5.3e-08 
0.642578 1 0 0 0.000168751 0.000976562 5.3e-08 
0.643555 1 0 0 0.000168751 0.000976562 5.3e-08 
0.644531 1 0 0 0.000168751 0.000976562 5.3e-08 
0.645508 1 0 0 0.000168751 0.000976562 5.3e-08 
0.646484 1 0 0 0.000168751 0.000976562 5.3e-08 
0.647461 1 0 0 0.000168751 0.000976562 5.3e-08 
0.648438 1 0 0 0.000168751 0.000976562 5.3e-08 
0.649414 1 0 0 0.000168751 0.000976562 5.3e-08 
0.650391 1 0 0 0.000168751 0.000976562 5.3e-08 
0.651367 1 0 0 0.000168751 0.000976562 5.3e-08 
0.652344 1 0 0 0.000168751 0.000976562 5.3e-08 
0.65332 1 0 0 0.000168751 0.000976562 5.3e-08 
0.654297 1 0 0 0.000168751 0.000976562 5.3e-08 
0.655273 1 0 0 0.000168751 0.000976562 5.3e-08 
0.65625 1 0 0 0.000168751 0.000976562 5.3e-08 
0.657227 1 0 0 0.000168751 0.000976562 5.3e-08 
0.658203 1 0 0 0.000168751 0.000976562 5.3e-08 
0.65918 1 0 0 0.000168751 0.000976562 5.3e-08 
0.660156 1 0 0 0.000168751 0.000976562 5.3e-08 
0.661133 1 0 0 0.000168751 0.000976562 5.3e-08 
0.662109 1 0 0 0.000168751 0.000976562 5.3e-08 
0.663086 1 0 0 0.000168751 0.000976562 5.3e-08 
0.664062 1 0 0 0.000168751 0.000976562 5.3e-08 
0.665039 1 0 0 0.000168751 0.000976562 5.3e-08 
0.666016 1 0 0 0.000168751 0.000976562 5.3e-08 
0.666992 1 0 0 0.000168751 0.000976562 5.3e-08 
0.667969 1 0 0 0.000168751 0.000976562 5.3e-08 
0.668945 1 0 0 0.000168751 0.000976562 5.3e-08 
0.669922 1 0 0 0.000168751 0.000976562 5.3e-08 
0.670898 1 0 0 0.000168751 0.000976562 5.3e-08 
0.671875 1 0 0 0.000168751 0.000976562 5.3e-08 
0.672852 1 0 0 0.000168751 0.000976562 5.3e-08 
0.673828 1 0 0 0.000168751 0.000976562 5.3e-08 
0.674805 1 0 0 0.000168751 0.000976562 5.3e-08 
0.675781 1 0 0 0.000168751 0.000976562 5.3e-08 
0.676758 1 0 0 0.000168751 0.000976562 5.3e-08 
0.677734 1 0 0 0.000168751 0.000976562 5.3e-08 
0.678711 1 0 0 0.000168751 0.000976562 5.3e-08 
0.679688 1 0 0 0.000168751 0.000976562 5.3e-08 
0.680664 1 0 0 0.000168751 0.000976562 5.3e-08 
0.681641 1 0 0 0.000168751 0.000976562 5.3e-08 
0.682617 1 0 0 0.000168751 0.000976562 5.3e-08 
0.683594 1 0 0 0.000168751 0.000976562 5.3e-08 
0.68457 1 0 0 0.000168751 0.000976562 5.3e-08 
0.685547 1 0 0 0.000168751 0.000976562 5.3e-08 
0.686523 1 0 0 0.000168751 0.000976562 5.3e-08 
0.6875 1 0 0 0.000168751 0.000976562 5.3e-08 
0.688477 1 0 0 0.000168751 0.000976562 5.3e-08 
0.689453 1 0 0 0.000168751 0.000976562 5.3e-08 
0.69043 1 0 0 0.000168751 0.000976562 5.3e-08 
0.691406 1 0 0 0.000168751 0.000976562 5.3e-08 
0.692383 1 0 0 0.000168751 0.000976562 5.3e-08 
0.693359 1 0 0 0.000168751 0.000976562 5.3e-08 
0.694336 1 0 0 0.000168751 0.000976562 5.3e-08 
0.695312 1 0 0 0.000168751 0.000976562 5.3e-08 
0.696289 1 0 0 0.000168751 0.000976562 5.3e-08 
0.697266 1 0 0 0.000168751 0.000976562 5.3e-08 
0.698242 1 0 0 0.000168751 0.000976562 5.3e-08 
0.699219 1 0 0 0.000168751 0.000976562 5.3e-08 
0.700195 1 0 0 0.000168751 0.000976562 5.3e-08 
0.701172 1 0 0 0.000168751 0.000976562 5.3e-08 
0.702148 1 0 0 0.000168751 0.000976562 5.3e-08 
0.703125 1 0 0 0.000168751 0.000976562 5.3e-08 
0.704102 1 0 0 0.000168751 0.000976562 5.3e-08 
0.705078 1 0 0 0.000168751 0.000976562 5.3e-08 
0.706055 1 0 0 0.000168751 0.000976562 5.3e-08 
0.707031 1 0 0 0.000168751 0.000976562 5.3e-08 
0.708008 1 0 0 0.000168751 0.000976562 5.3e-08 
0.708984 1 0 0 0.000168751 0.000976562 5.3e-08 
0.709961 1 0 0 0.000168751 0.000976562 5.3e-08 
0.710938 1 0 0 0.000168751 0.000976562 5.3e-08 
0.711914 1 0 0 0.000168751 0.000976562 5.3e-08 
0.712891 1 0 0 0.000168751 0.000976562 5.3e-08 
0.713867 1 0 0 0.000168751 0.000976562 5.3e-08 
0.714844 1 0 0 0.000168751 0.000976562 5.3e-08 
0.71582 1 0 0 0.000168751 0.000976562 5.3e-08 
0.716797 1 0 0 0.000168751 0.000976562 5.3e-08 
0.717773 1 0 0 0.000168751 0.000976562 5.3e-08 
0.71875 1 0 0 0.000168751 0.000976562 5.3e-08 
0.719727 1 0 0 0.000168751 0.000976562 5.3e-08 
0.720703 1 0 0 0.000168751 0.000976562 5.3e-08 
0.72168 1 0 0 0.000168751 0.000976562 5.3e-08 
0.722168 1 0 0 8.43753e-05 0.000488281 5.3e-08 
0.722656 1 0 0 8.43753e-05 0.000488281 5.3e-08 
0.723145 1 0 0 8.43753e-05 0.000488281 5.3e-08 
0.723633 1 0 0 8.43753e-05 0.000488281 5.3e-08 
0.724121 1 0 0 8.43753e-05 0.000488281 5.3e-08 
0.724609 1 0 0 8.43753e-05 0.000488281 5.3e-08 
0.725586 1 0 0 0.000168751 0.000976562 5.3e-08 
0.726562 1 0 0 0.000168751 0.000976562 5.3e-08 
0.728516 1 0 0 0.000337501 0.00195312 5.3e-08 
0.729492 1 0 0 0.000168751 0.000976562 5.3e-08 
0.730469 1 0 0 0.000168751 0.000976562 5.3e-08 
0.731445 1 0 0 0.000168751 0.000976562 5.3e-08 
0.732422 1 0 0 0.000168751 0.000976562 5.3e-08 
0.733398 1 0 0 0.000168751 0.000976562 5.3e-08 
0.734375 1 0 0 0.000168751 0.000976562 5.3e-08 
0.735352 1 0 0 0.000168751 0.000976562 5.3e-08 
0.736328 1 0 0 0.000168751 0.000976562 5.3e-08 
0.737305 1 0 0 0.000168751 0.000976562 5.3e-08 
0.738281 1 0 0 0.000168751 0.000976562 5.3e-08 
0.739258 1 0 0 0.000168751 0.000976562 5.3e-08 
0.740234 1 0 0 0.000168751 0.000976562 5.3e-08 
0.741211 1 0 0 0.000168751 0.000976562 5.3e-08 
0.742188 1 0 0 0.000168751 0.000976562 5.3e-08 
0.743164 1 0 0 0.000168751 0.000976562 5.3e-08 
0.744141 1 0 0 0.000168751 0.000976562 5.3e-08 
0.745117 1 0 0 0.000168751 0.000976562 5.3e-08 
0.746094 1 0 0 0.000168751 0.000976562 5.3e-08 
0.74707 1 0 0 0.000168751 0.000976562 5.3e-08 
0.748047 1 0 0 0.000168751 0.000976562 5.3e-08 
0.749023 1 0 0 0.000168751 0.000976562 5.3e-08 
0.75 1 0 0 0.000168751 0.000976562 5.3e-08 
0.750977 1 0 0 0.000168751 0.000976562 5.3e-08 
0.751953 1 0 0 0.000168751 0.000976562 5.3e-08 
0.75293 1 0 0 0.000168751 0.000976562 5.3e-08 
0.753906 1 0 0 0.000168751 0.000976562 5.3e-08 
0.754883 1 0 0 0.000168751 0.000976562 5.3e-08 
0.755859 1 0 0 0.000168751 0.000976562 5.3e-08 
0.756836 1 0 0 0.000168751 0.000976562 5.3e-08 
0.757812 1 0 0 0.000168751 0.000976562 5.3e-08 
0.758789 1 0 0 0.000168751 0.000976562 5.3e-08 
0.759766 1 0 0 0.000168751 0.000976562 5.3e-08 
0.760742 1 0 0 0.000168751 0.000976562 5.3e-08 
0.761719 1 0 0 0.000168751 0.000976562 5.3e-08 
0.762695 1 0 0 0.000168751 0.000976562 5.3e-08 
0.763672 1 0 0 0.000168751 0.000976562 5.3e-08 
0.764648 1 0 0 0.000168751 0.000976562 5.3e-08 
0.765625 1 0 0 0.000168751 0.000976562 5.3e-08 
0.766602 1 0 0 0.000168751 0.000976562 5.3e-08 
0.767578 1 0 0 0.000168751 0.000976562 5.3e-08 
0.768555 1 0 0 0.000168751 0.000976562 5.3e-08 
0.769531 1 0 0 0.000168751 0.000976562 5.3e-08 
0.770508 1 0 0 0.000168751 0.000976562 5.3e-08 
0.771484 1 0 0 0.000168751 0.000976562 5.3e-08 
0.772461 1 0 0 0.000168751 0.000976562 5.3e-08 
0.773438 1 0 0 0.000168751 0.000976562 5.3e-08 
0.774414 1 0 0 0.000168751 0.000976562 5.3e-08 
0.775391 1 0 0 0.000168751 0.000976562 5.3e-08 
0.776367 1 0 0 0.000168751 0.000976562 5.3e-08 
0.777344 1 0 0 0.000168751 0.000976562 5.3e-08 
0.77832 1 0 0 0.000168751 0.000976562 5.3e-08 
0.779297 1 0 0 0.000168751 0.000976562 5.3e-08 
0.780273 1 0 0 0.000168751 0.000976562 5.3e-08 
0.78125 1 0 0 0.000168751 0.000976562 5.3e-08 
0.782227 1 0 0 0.000168751 0.000976562 5.3e-08 
0.783203 1 0 0 0.000168751 0.000976562 5.3e-08 
0.78418 1 0 0 0.000168751 0.000976562 5.3e-08 
0.785156 1 0 0 0.000168751 0.000976562 5.3e-08 
0.786133 1 0 0 0.000168751 0.000976562 5.3e-08 
0.787109 1 0 0 0.000168751 0.000976562 5.3e-08 
0.788086 1 0 0 0.000168751 0.000976562 5.3e-08 
0.789062 1 0 0 0.000168751 0.000976562 5.3e-08 
0.790039 1 0 0 0.000168751 0.000976562 5.3e-08 
0.791016 1 0 0 0.000168751 0.000976562 5.3e-08 
0.791992 1 0 0 0.000168751 0.000976562 5.3e-08 
0.792969 1 0 0 0.000168751 0.000976562 5.3e-08 
0.793945 1 0 0 0.000168751 0.000976562 5.3e-08 
0.794922 1 0 0 0.000168751 0.000976562 5.3e-08 
0.795898 1 0 0 0.000168751 0.000976562 5.3e-08 
0.796875 1 0 0 0.000168751 0.000976562 5.3e-08 
0.797852 1 0 0 0.000168751 0.000976562 5.3e-08 
0.798828 1 0 0 0.000168751 0.000976562 5.3e-08 
0.799805 1 0 0 0.000168751 0.000976562 5.3e-08 
0.800781 1 0 0 0.000168751 0.000976562 5.3e-08 
0.801758 1 0 0 0.000168751 0.000976562 5.3e-08 
0.802734 1 0 0 0.000168751 0.000976562 5.3e-08 
0.803711 1 0 0 0.000168751 0.000976562 5.3e-08 
0.804688 1 0 0 0.000168751 0.000976562 5.3e-08 
0.805664 1 0 0 0.000168751 0.000976562 5.3e-08 
0.806641 1 0 0 0.000168751 0.000976562 5.3e-08 
0.807617 1 0 0 0.000168751 0.000976562 5.3e-08 
0.808594 1 0 0 0.000168751 0.000976562 5.3e-08 
0.80957 1 0 0 0.000168751 0.000976562 5.3e-08 
0.810547 1 0 0 0.000168751 0.000976562 5.3e-08 
0.811523 1 0 0 0.000168751 0.000976562 5.3e-08 
0.8125 1 0 0 0.000168751 0.000976562 5.3e-08 
0.813477 1 0 0 0.000168751 0.000976562 5.3e-08 
0.814453 1 0 0 0.000168751 0.000976562 5.3e-08 
0.81543 1 0 0 0.000168751 0.000976562 5.3e-08 
0.816406 1 0 0 0.000168751 0.000976562 5.3e-08 
0.817383 1 0 0 0.000168751 0.000976562 5.3e-08 
0.818359 1 0 0 0.000168751 0.000976562 5.3e-08 
0.819336 1 0 0 0.000168751 0.000976562 5.3e-08 
0.820312 1 0 0 0.000168751 0.000976562 5.3e-08 
0.821289 1 0 0 0.000168751 0.000976562 5.3e-08 
0.822266 1 0 0 0.000168751 0.000976562 5.3e-08 
0.823242 1 0 0 0.000168751 0.000976562 5.3e-08 
0.824219 1 0 0 0.000168751 0.000976562 5.3e-08 
0.825195 1 0 0 0.000168751 0.000976562 5.3e-08 
0.826172 1 0 0 0.000168751 0.000976562 5.3e-08 
0.827148 1 0 0 0.000168751 0.000976562 5.3e-08 
0.828125 1 0 0 0.000168751 0.000976562 5.3e-08 
0.830078 1 0 0 0.000337501 0.00195312 5.3e-08 
0.832031 1 0 0 0.000337501 0.00195312 5.3e-08 
0.833984 1 0 0 0.000337501 0.00195312 5.3e-08 
0.835938 1 0 0 0.000337501 0.00195312 5.3e-08 
0.837891 1 0 0 0.000337501 0.00195312 5.3e-08 
0.839844 1 0 0 0.000337501 0.00195312 5.3e-08 
0.841797 1 0 0 0.000337501 0.00195312 5.3e-08 
0.84375 1 0 0 0.000337501 0.00195312 5.3e-08 
0.845703 1 0 0 0.000337501 0.00195312 5.3e-08 
0.847656 1 0 0 0.000337501 0.00195312 5.3e-08 
0.849609 1 0 0 0.000337501 0.00195312 5.3e-08 
0.851562 1 0 0 0.000337501 0.00195312 5.3e-08 
0.852539 1 0 0 0.000168751 0.000976562 5.3e-08 
0.853516 1 0 0 0.000168751 0.000976562 5.3e-08 
0.854492 1 0 0 0.000168751 0.000976562 5.3e-08 
0.855469 1 0 0 0.000168751 0.000976562 5.3e-08 
0.856445 1 0 0 0.000168751 0.000976562 5.3e-08 
0.857422 1 0 0 0.000168751 0.000976562 5.3e-08 
0.858398 1 0 0 0.000168751 0.000976562 5.3e-08 
0.859375 1 0 0 0.000168751 0.000976562 5.3e-08 
0.860352 1 0 0 0.000168751 0.000976562 5.3e-08 
0.861328 1 0 0 0.000168751 0.000976562 5.3e-08 
0.862305 1 0 0 0.000168751 0.000976562 5.3e-08 
0.863281 1 0 0 0.000168751 0.000976562 5.3e-08 
0.864258 1 0 0 0.000168751 0.000976562 5.3e-08 
0.865234 1 0 0 0.000168751 0.000976562 5.3e-08 
0.866211 1 0 0 0.000168751 0.000976562 5.3e-08 
0.867188 1 0 0 0.000168751 0.000976562 5.3e-08 
0.868164 1 0 0 0.000168751 0.000976562 5.3e-08 
0.869141 1 0 0 0.000168751 0.000976562 5.3e-08 
0.870117 1 0 0 0.000168751 0.000976562 5.3e-08 
0.871094 1 0 0 0.000168751 0.000976562 5.3e-08 
0.87207 1 0 0 0.000168751 0.000976562 5.3e-08 
0.873047 1 0 0 0.000168751 0.000976562 5.3e-08 
0.874023 1 0 0 0.000168751 0.000976562 5.3e-08 
0.875 1 0 0 0.000168751 0.000976562 5.3e-08 
0.875977 1 0 0 0.000168751 0.000976562 5.3e-08 
0.876953 1 0 0 0.000168751 0.000976562 5.3e-08 
0.87793 1 0 0 0.000168751 0.000976562 5.3e-08 
0.878906 1 0 0 0.000168751 0.000976562 5.3e-08 
0.879883 1 0 0 0.000168751 0.000976562 5.3e-08 
0.880859 1 0 0 0.000168751 0.000976562 5.3e-08 
0.881836 1 0 0 0.000168751 0.000976562 5.3e-08 
0.882812 1 0 0 0.000168751 0.000976562 5.3e-08 
0.883301 1 0 0 8.43753e-05 0.000488281 5.3e-08 
0.883789 1 0 0 8.43753e-05 0.000488281 5.3e-08 
0.884277 1 0 0 8.43753e-05 0.000488281 5.3e-08 
0.884766 1 0 0 8.43753e-05 0.000488281 5.3e-08 
0.885254 1 0 0 8.43753e-05 0.000488281 5.3e-08 
0.885742 1 0 0 8.43753e-05 0.000488281 5.3e-08 
0.88623 1 0 0 8.43753e-05 0.000488281 5.3e-08 
0.886719 1 0 0 8.43753e-05 0.000488281 5.3e-08 
0.887207 1 0 0 8.43753e-05 0.000488281 5.3e-08 
0.887695 1 0 0 8.43753e-05 0.000488281 5.3e-08 
0.888184 1 0 0 8.43753e-05 0.000488281 5.3e-08 
0.888672 1 0 0 8.43753e-05 0.000488281 5.3e-08 
0.888916 1 0 0 4.21877e-05 0.000244141 5.3e-08 
0.88916 1 0 0 4.17658e-05 0.000244141 5.3e-08 
0.889404 1 0 0 4.17658e-05 0.000244141 5.3e-08 
0.889648 1 0 0 4.17658e-05 0.000244141 5.3e-08 
0.889893 1 0 0 4.17658e-05 0.000244141 5.3e-08 
0.890137 1 0 0 4.17658e-05 0.000244141 5.3e-08 
0.890381 1 0 0 4.17658e-05 0.000244141 5.3e-08 
0.890625 1 0 0 4.17658e-05 0.000244141 5.3e-08 
0.890869 1 0 0 4.17658e-05 0.000244141 5.3e-08 
0.891113 1 0 0 4.17658e-05 0.000244141 5.3e-08 
0.891357 1 0 0 4.17658e-05 0.000244141 5.3e-08 
0.891602 1 0 0 4.17658e-05 0.000244141 5.3e-08 
0.891846 1 0 0 4.17658e-05 0.000244141 5.3e-08 
0.89209 1 0 0 4.17658e-05 0.000244141 5.3e-08 
0.892334 1 0 0 4.17658e-05 0.000244141 5.3e-08 
0.892578 1 0 0 4.17658e-05 0.000244141 5.3e-08 
0.892822 1 0 0 4.17658e-05 0.000244141 5.3e-08 
0.893066 1 0 0 4.17658e-05 0.000244141 5.3e-08 
0.893311 1 0 0 4.17658e-05 0.000244141 5.3e-08 
0.893555 1 0 0 4.17658e-05 0.000244141 5.3e-08 
0.893799 1 0 0 4.17658e-05 0.000244141 5.3e-08 
0.894043 1 0 0 4.17658e-05 0.000244141 5.3e-08 
0.894287 1 0 0 4.17658e-05 0.000244141 5.3e-08 
0.894531 1 0 0 4.17658e-05 0.000244141 5.3e-08 
0.894775 1 0 0 4.17658e-05 0.000244141 5.3e-08 
0.89502 1 0 0 4.17658e-05 0.000244141 5.3e-08 
0.895264 1 0 0 4.17658e-05 0.000244141 5.3e-08 
0.895508 1 0 0 4.17658e-05 0.000244141 5.3e-08 
0.895752 1 0 0 4.17658e-05 0.000244141 5.3e-08 
0.895996 1 0 0 4.17658e-05 0.000244141 5.3e-08 
0.896484 1 0 0 8.35316e-05 0.000488281 5.3e-08 
0.896973 1 0 0 8.35316e-05 0.000488281 5.3e-08 
0.897461 1 0 0 8.35316e-05 0.000488281 5.3e-08 
0.897949 1 0 0 8.35316e-05 0.000488281 5.3e-08 
0.898438 1 0 0 8.35316e-05 0.000488281 5.3e-08 
0.898926 1 0 0 8.35316e-05 0.000488281 5.3e-08 
0.899414 1 0 0 8.35316e-05 0.000488281 5.3e-08 
0.899902 1 0 0 8.35316e-05 0.000488281 5.3e-08 
0.900391 1 0 0 8.35316e-05 0.000488281 5.3e-08 
0.900879 1 0 0 8.35316e-05 0.000488281 5.3e-08 
0.901367 1 0 0 8.35316e-05 0.000488281 5.3e-08 
0.901855 1 0 0 8.35316e-05 0.000488281 5.3e-08 
0.902344 1 0 0 8.35316e-05 0.000488281 5.3e-08 
0.902832 1 0 0 8.35316e-05 0.000488281 5.3e-08 
0.90332 1 0 0 8.35316e-05 0.000488281 5.3e-08 
0.904297 1 0 0 0.000167063 0.000976562 5.3e-08 
0.905273 1 0 0 0.000167063 0.000976562 5.3e-08 
0.90625 1 0 0 0.000167063 0.000976562 5.3e-08 
0.907227 1 0 0 0.000167063 0.000976562 5.3e-08 
0.908203 1 0 0 0.000167063 0.000976562 5.3e-08 
0.90918 1 0 0 0.000167063 0.000976562 5.3e-08 
0.910156 1 0 0 0.000167063 0.000976562 5.3e-08 
0.911133 1 0 0 0.000167063 0.000976562 5.3e-08 
0.912109 1 0 0 0.000167063 0.000976562 5.3e-08 
0.913086 1 0 0 0.000167063 0.000976562 5.3e-08 
0.914062 1 0 0 0.000167063 0.000976562 5.3e-08 
0.915039 1 0 0 0.000167063 0.000976562 5.3e-08 
0.916016 1 0 0 0.000167063 0.000976562 5.3e-08 
0.916992 1 0 0 0.000167063 0.000976562 5.3e-08 
0.917969 1 0 0 0.000167063 0.000976562 5.3e-08 
0.918945 1 0 0 0.000167063 0.000976562 5.3e-08 
0.919922 1 0 0 0.000167063 0.000976562 5.3e-08 
0.920898 1 0 0 0.000167063 0.000976562 5.3e-08 
0.921875 1 0 0 0.000167063 0.000976562 5.3e-08 
0.922852 1 0 0 0.000167063 0.000976562 5.3e-08 
0.923828 1 0 0 0.000167063 0.000976562 5.3e-08 
0.924805 1 0 0 0.000167063 0.000976562 5.3e-08 
0.925781 1 0 0 0.000167063 0.000976562 5.3e-08 
0.92627 1 0 0 8.35316e-05 0.000488281 5.3e-08 
0.926758 1 0 0 8.35316e-05 0.000488281 5.3e-08 
0.927246 1 0 0 8.35316e-05 0.000488281 5.3e-08 
0.927734 1 0 0 8.35316e-05 0.000488281 5.3e-08 
0.928223 1 0 0 8.35316e-05 0.000488281 5.3e-08 
0.928711 1 0 0 8.35316e-05 0.000488281 5.3e-08 
0.929688 1 0 0 0.000167063 0.000976562 5.3e-08 
0.930664 1 0 0 0.000167063 0.000976562 5.3e-08 
0.931641 1 0 0 0.000167063 0.000976562 5.3e-08 
0.932617 1 0 0 0.000167063 0.000976562 5.3e-08 
0.933594 1 0 0 0.000167063 0.000976562 5.3e-08 
0.93457 1 0 0 0.000167063 0.000976562 5.3e-08 
0.935547 1 0 0 0.000167063 0.000976562 5.3e-08 
0.936523 1 0 0 0.000167063 0.000976562 5.3e-08 
0.937012 1 0 0 8.35316e-05 0.000488281 5.3e-08 
0.937256 1 0 0 4.17658e-05 0.000244141 5.3e-08 
0.9375 1 0 0 4.17658e-05 0.000244141 5.3e-08 
0.937744 1 0 0 4.17658e-05 0.000244141 5.3e-08 
0.937988 1 0 0 4.17658e-05 0.000244141 5.3e-08 
0.938232 1 0 0 4.17658e-05 0.000244141 5.3e-08 
0.938477 1 0 0 4.17658e-05 0.000244141 5.3e-08 
0.938965 1 0 0 8.35316e-05 0.000488281 5.3e-08 
0.939453 1 0 0 8.35316e-05 0.000488281 5.3e-08 
0.94043 1 0 0 0.000167063 0.000976562 5.3e-08 
0.941406 1 0 0 0.000167063 0.000976562 5.3e-08 
0.943359 1 0 0 0.000334126 0.00195312 5.3e-08 
0.945312 1 0 0 0.000334126 0.00195312 5.3e-08 
0.947266 1 0 0 0.000334126 0.00195312 5.3e-08 
0.949219 1 0 0 0.000334126 0.00195312 5.3e-08 
0.951172 1 0 0 0.000334126 0.00195312 5.3e-08 
0.953125 1 0 0 0.000330785 0.00195312 5.3e-08 
0.955078 1 0 0 0.000330785 0.00195312 5.3e-08 
0.957031 1 0 0 0.000330785 0.00195312 5.3e-08 
0.958984 1 0 0 0.000330785 0.00195312 5.3e-08 
0.960938 1 0 0 0.000330785 0.00195312 5.3e-08 
0.962891 1 0 0 0.000330785 0.00195312 5.3e-08 
0.964844 1 0 0 0.000330785 0.00195312 5.3e-08 
0.966797 1 0 0 0.000330785 0.00195312 5.3e-08 
0.96875 1 0 0 0.000330785 0.00195312 5.3e-08 
0.970703 1 0 0 0.000330785 0.00195312 5.3e-08 
0.972656 1 0 0 0.000330785 0.00195312 5.3e-08 
0.973633 1 0 0 0.000165393 0.000976562 5.3e-08 
0.974609 1 0 0 0.000165393 0.000976562 5.3e-08 
0.975586 1 0 0 0.000165393 0.000976562 5.3e-08 
0.976562 1 0 0 0.000165393 0.000976562 5.3e-08 
0.977539 1 0 0 0.000165393 0.000976562 5.3e-08 
0.978516 1 0 0 0.000165393 0.000976562 5.3e-08 
0.979492 1 0 0 0.000165393 0.000976562 5.3e-08 
0.980469 1 0 0 0.000165393 0.000976562 5.3e-08 
0.982422 1 0 0 0.000330785 0.00195312 5.3e-08 
0.984375 1 0 0 0.000330785 0.00195312 5.3e-08 
0.986328 1 0 0 0.000330785 0.00195312 5.3e-08 
0.988281 1 0 0 0.000330785 0.00195312 5.3e-08 
0.990234 1 0 0 0.000330785 0.00195312 5.3e-08 
0.992188 1 0 0 0.000330785 0.00195312 5.3e-08 
0.994141 1 0 0 0.000330785 0.00195312 5.3e-08 
0.995117 1 0 0 0.000165393 0.000976562 5.3e-08 
0.996094 1 0 0 0.000165393 0.000976562 5.3e-08 
0.99707 1 0 0 0.000165393 0.000976562 5.3e-08 
0.998047 1 0 0 0.000165393 0.000976562 5.3e-08 
0.999023 1 0 0 0.000165393 0.000976562 5.3e-08 
1 1 0 0 0.000165393 0.000976562 5.3e-08 
